1 0.1778846153846154 0.3493975903614458 0.07211538461538461 0.0819277108433735
1 0.37259615384615385 0.43614457831325304 0.10096153846153846 0.0963855421686747
1 0.2764423076923077 0.5216867469879518 0.15384615384615385 0.14216867469879518
0 0.84375 0.2710843373493976 0.08653846153846154 0.10361445783132531
0 0.7055288461538461 0.2987951807228916 0.055288461538461536 0.07228915662650602
0 0.4423076923076923 0.3337349397590361 0.0673076923076923 0.06987951807228916
1 0.6057692307692307 0.3265060240963855 0.038461538461538464 0.05542168674698795
1 0.5444711538461539 0.3457831325301205 0.040865384615384616 0.05542168674698795
1 0.5108173076923077 0.3481927710843373 0.03125 0.04578313253012048
1 0.46634615384615385 0.344578313253012 0.03365384615384615 0.05783132530120482
0 0.6730769230769231 0.3313253012048193 0.04807692307692308 0.04578313253012048
0 0.9290865384615384 0.3204819277108434 0.036057692307692304 0.05301204819277108
1 0.17908653846153846 0.01325301204819277 0.07451923076923077 0.02650602409638554
0 0.84375 0.06385542168674699 0.08653846153846154 0.10361445783132531
0 0.7043269230769231 0.03614457831325301 0.057692307692307696 0.07228915662650602
0 0.44350961538461536 0.018072289156626505 0.06971153846153846 0.03614457831325301
1 0.6069711538461539 0.018072289156626505 0.040865384615384616 0.03614457831325301
1 0.5432692307692307 0.008433734939759036 0.04326923076923077 0.016867469879518072
1 0.5096153846153846 0.004819277108433735 0.03365384615384615 0.00963855421686747
1 0.4675480769230769 0.00963855421686747 0.036057692307692304 0.01927710843373494
0 0.6742788461538461 0.01325301204819277 0.05048076923076923 0.02650602409638554
0 0.9278846153846154 0.020481927710843374 0.038461538461538464 0.04096385542168675
