1 0.144 0.3119402985074627 0.068 0.14626865671641792
0 0.207 0.291044776119403 0.082 0.16417910447761194
1 0.266 0.3194029850746269 0.064 0.16716417910447762
1 0.304 0.3417910447761194 0.036 0.1044776119402985
1 0.391 0.3447761194029851 0.062 0.14029850746268657
1 0.479 0.3 0.082 0.1761194029850746
1 0.526 0.3597014925373134 0.048 0.12238805970149254
0 0.619 0.31791044776119404 0.074 0.12835820895522387
1 0.703 0.3238805970149254 0.086 0.1701492537313433
1 0.874 0.30895522388059704 0.104 0.1880597014925373
