0 0.03571428571428571 0.3822269807280514 0.06857142857142857 0.16059957173447537
0 0.075 0.41541755888650966 0.041428571428571426 0.11991434689507495
0 0.10785714285714286 0.41113490364025695 0.03571428571428571 0.07708779443254818
0 0.21714285714285714 0.3683083511777302 0.08285714285714285 0.14989293361884368
0 0.2842857142857143 0.37794432548179874 0.04 0.07066381156316917
0 0.3678571428571429 0.4068522483940043 0.055714285714285716 0.08993576017130621
0 0.45 0.3747323340471092 0.08571428571428572 0.14989293361884368
0 0.49857142857142855 0.37366167023554603 0.03428571428571429 0.09635974304068523
0 0.5378571428571428 0.341541755888651 0.02142857142857143 0.05353319057815846
0 0.5742857142857143 0.360813704496788 0.06571428571428571 0.10492505353319058
0 0.655 0.37259100642398285 0.08428571428571428 0.145610278372591
0 0.8492857142857143 0.3822269807280514 0.07571428571428572 0.139186295503212
0 0.017857142857142856 0.49464668094218417 0.032857142857142856 0.20556745182012848
