1 0.15504807692307693 0.3578313253012048 0.06490384615384616 0.07951807228915662
1 0.4567307692307692 0.38313253012048193 0.057692307692307696 0.06746987951807229
1 0.296875 0.37710843373493974 0.055288461538461536 0.0746987951807229
1 0.22956730769230768 0.3710843373493976 0.055288461538461536 0.06746987951807229
1 0.8076923076923077 0.3373493975903614 0.10096153846153846 0.1108433734939759
1 0.38221153846153844 0.3927710843373494 0.04807692307692308 0.06265060240963856
1 0.5276442307692307 0.38795180722891565 0.05048076923076923 0.06746987951807229
1 0.6201923076923077 0.40240963855421685 0.04807692307692308 0.04819277108433735
1 0.3545673076923077 0.36626506024096384 0.04567307692307692 0.05301204819277108
1 0.11538461538461539 0.3674698795180723 0.028846153846153848 0.060240963855421686
1 0.15504807692307693 0.08795180722891566 0.06490384615384616 0.07951807228915662
1 0.4567307692307692 0.060240963855421686 0.057692307692307696 0.06746987951807229
1 0.296875 0.06867469879518072 0.055288461538461536 0.0746987951807229
1 0.22956730769230768 0.07228915662650602 0.055288461538461536 0.06746987951807229
1 0.8076923076923077 0.10602409638554217 0.10096153846153846 0.1108433734939759
1 0.38221153846153844 0.05060240963855422 0.04807692307692308 0.06265060240963856
1 0.5276442307692307 0.05542168674698795 0.05048076923076923 0.06746987951807229
1 0.6201923076923077 0.04096385542168675 0.04807692307692308 0.04819277108433735
1 0.3545673076923077 0.07710843373493977 0.04567307692307692 0.05301204819277108
1 0.11538461538461539 0.0783132530120482 0.028846153846153848 0.060240963855421686
