0 0.056490384615384616 0.5253012048192771 0.055288461538461536 0.05783132530120482
0 0.15264423076923078 0.5096385542168674 0.07451923076923077 0.09879518072289156
0 0.24879807692307693 0.5228915662650603 0.05048076923076923 0.05783132530120482
0 0.3076923076923077 0.5180722891566265 0.0673076923076923 0.0819277108433735
1 0.37740384615384615 0.5325301204819277 0.03365384615384615 0.05301204819277108
0 0.41346153846153844 0.5144578313253012 0.052884615384615384 0.06987951807228916
0 0.45072115384615385 0.5228915662650603 0.03125 0.04819277108433735
1 0.5228365384615384 0.536144578313253 0.021634615384615384 0.04578313253012048
0 0.5528846153846154 0.536144578313253 0.04326923076923077 0.05542168674698795
1 0.6298076923076923 0.5204819277108433 0.04326923076923077 0.06265060240963856
1 0.7596153846153846 0.536144578313253 0.04326923076923077 0.05060240963855422
