1 0.0875 0.3330206378986867 0.0475 0.08442776735459662
1 0.134375 0.2851782363977486 0.07625 0.150093808630394
1 0.20625 0.32176360225140715 0.055 0.10318949343339587
1 0.268125 0.32645403377110693 0.05125 0.09380863039399624
0 0.37 0.29924953095684803 0.0625 0.13320825515947468
0 0.5125 0.34709193245778613 0.0525 0.0975609756097561
0 0.66375 0.324577861163227 0.075 0.150093808630394
0 0.77875 0.32176360225140715 0.0475 0.08442776735459662
0 0.885 0.30206378986866794 0.0975 0.1726078799249531
0 0.964375 0.30393996247654786 0.06625 0.1200750469043152
1 0.46875 0.28893058161350843 0.055 0.1050656660412758
1 0.61625 0.3048780487804878 0.045 0.12195121951219512
