0 0.06971153846153846 0.41346153846153844 0.0673076923076923 0.09134615384615384
0 0.1045673076923077 0.41947115384615385 0.036057692307692304 0.06009615384615385
1 0.2512019230769231 0.3954326923076923 0.11298076923076923 0.12259615384615384
0 0.3449519230769231 0.43028846153846156 0.06009615384615385 0.07211538461538461
0 0.515625 0.4483173076923077 0.09375 0.10336538461538461
0 0.07091346153846154 0.040865384615384616 0.06971153846153846 0.08173076923076923
0 0.10336538461538461 0.030048076923076924 0.038461538461538464 0.06009615384615385
1 0.25 0.057692307692307696 0.11538461538461539 0.11538461538461539
0 0.34375 0.027644230769230768 0.0625 0.055288461538461536
0 0.5144230769230769 0.026442307692307692 0.09615384615384616 0.052884615384615384
