1 0.1911519198664441 0.44880174291938996 0.06844741235392321 0.11328976034858387
1 0.2570951585976628 0.36056644880174293 0.05676126878130217 0.09368191721132897
1 0.2921535893155259 0.43899782135076254 0.06010016694490818 0.10239651416122005
1 0.3622704507512521 0.3562091503267974 0.06010016694490818 0.09368191721132897
1 0.3981636060100167 0.4117647058823529 0.06176961602671119 0.11764705882352941
1 0.5 0.4400871459694989 0.05175292153589316 0.09586056644880174
1 0.5292153589315526 0.3779956427015251 0.05342237061769616 0.09803921568627451
1 0.5959933222036727 0.45206971677559915 0.05676126878130217 0.10239651416122005
1 0.6469115191986644 0.41612200435729846 0.05509181969949917 0.10021786492374728
1 0.7145242070116862 0.4335511982570806 0.06343906510851419 0.10457516339869281
1 0.8021702838063439 0.4357298474945534 0.06176961602671119 0.10893246187363835
