1 0.05 0.5629213483146067 0.07 0.1101123595505618
1 0.19 0.5089887640449439 0.06 0.10112359550561797
1 0.29833333333333334 0.4898876404494382 0.056666666666666664 0.0853932584269663
1 0.39166666666666666 0.4820224719101124 0.04666666666666667 0.07865168539325842
1 0.4708333333333333 0.501123595505618 0.041666666666666664 0.06741573033707865
1 0.5283333333333333 0.4707865168539326 0.04 0.060674157303370786
1 0.5916666666666667 0.46629213483146065 0.04 0.060674157303370786
1 0.6516666666666666 0.4550561797752809 0.03666666666666667 0.056179775280898875
1 0.7616666666666667 0.45280898876404496 0.03333333333333333 0.056179775280898875
1 0.8175 0.45617977528089887 0.03166666666666667 0.04943820224719101
1 0.8641666666666666 0.44719101123595506 0.03166666666666667 0.04943820224719101
1 0.8975 0.45617977528089887 0.028333333333333332 0.04943820224719101
1 0.9141666666666667 0.4370786516853933 0.025 0.04719101123595506
0 0.715 0.4584269662921348 0.03666666666666667 0.05393258426966292
