0 0.040865384615384616 0.35697115384615385 0.04807692307692308 0.055288461538461536
0 0.12980769230769232 0.34975961538461536 0.0673076923076923 0.08413461538461539
0 0.22596153846153846 0.3737980769230769 0.04807692307692308 0.06490384615384616
0 0.35697115384615385 0.3701923076923077 0.06971153846153846 0.08173076923076923
0 0.4050480769230769 0.37259615384615385 0.040865384615384616 0.057692307692307696
0 0.48197115384615385 0.359375 0.055288461538461536 0.08413461538461539
0 0.5132211538461539 0.375 0.026442307692307692 0.04807692307692308
0 0.5817307692307693 0.34615384615384615 0.07211538461538461 0.09615384615384616
0 0.6165865384615384 0.36177884615384615 0.04567307692307692 0.06971153846153846
0 0.7680288461538461 0.4026442307692308 0.05048076923076923 0.06971153846153846
0 0.8161057692307693 0.3641826923076923 0.05048076923076923 0.06009615384615385
0 0.8846153846153846 0.38100961538461536 0.08653846153846154 0.09375
0 0.9471153846153846 0.3762019230769231 0.038461538461538464 0.06009615384615385
0 0.040865384615384616 0.030048076923076924 0.04807692307692308 0.055288461538461536
0 0.1310096153846154 0.039663461538461536 0.06971153846153846 0.07932692307692307
0 0.22716346153846154 0.02283653846153846 0.05048076923076923 0.04567307692307692
0 0.3557692307692308 0.028846153846153848 0.07211538461538461 0.057692307692307696
0 0.40384615384615385 0.021634615384615384 0.04326923076923077 0.04326923076923077
0 0.4807692307692308 0.03485576923076923 0.057692307692307696 0.06971153846153846
0 0.5120192307692307 0.018028846153846152 0.028846153846153848 0.036057692307692304
0 0.5829326923076923 0.04447115384615385 0.07451923076923077 0.0889423076923077
0 0.6153846153846154 0.030048076923076924 0.04807692307692308 0.06009615384615385
0 0.7668269230769231 0.009615384615384616 0.052884615384615384 0.019230769230769232
0 0.8149038461538461 0.026442307692307692 0.052884615384615384 0.052884615384615384
0 0.8858173076923077 0.026442307692307692 0.0889423076923077 0.052884615384615384
0 0.9483173076923077 0.020432692307692308 0.040865384615384616 0.040865384615384616
