1 0.1502403846153846 0.34375 0.0889423076923077 0.09615384615384616
1 0.2283653846153846 0.3125 0.0625 0.08173076923076923
1 0.49278846153846156 0.3545673076923077 0.04326923076923077 0.05048076923076923
0 0.2860576923076923 0.34375 0.057692307692307696 0.057692307692307696
0 0.4050480769230769 0.36538461538461536 0.05048076923076923 0.0673076923076923
0 0.5108173076923077 0.421875 0.06490384615384616 0.06971153846153846
0 0.5673076923076923 0.37259615384615385 0.04807692307692308 0.04807692307692308
0 0.6310096153846154 0.3786057692307692 0.03125 0.04567307692307692
0 0.7319711538461539 0.49158653846153844 0.040865384615384616 0.05048076923076923
0 0.7199519230769231 0.3762019230769231 0.04567307692307692 0.05048076923076923
1 0.14903846153846154 0.040865384615384616 0.09134615384615384 0.08173076923076923
1 0.2283653846153846 0.0625 0.0625 0.08173076923076923
1 0.49399038461538464 0.02403846153846154 0.04567307692307692 0.04807692307692308
0 0.2860576923076923 0.03125 0.057692307692307696 0.057692307692307696
0 0.40384615384615385 0.02283653846153846 0.052884615384615384 0.04567307692307692
0 0.5685096153846154 0.014423076923076924 0.05048076923076923 0.028846153846153848
0 0.6298076923076923 0.010817307692307692 0.03365384615384615 0.021634615384615384
0 0.71875 0.013221153846153846 0.04807692307692308 0.026442307692307692
