1 0.055 0.2575 0.03222222222222222 0.06166666666666667
1 0.1622222222222222 0.2575 0.02666666666666667 0.055
1 0.1811111111111111 0.2658333333333333 0.022222222222222223 0.051666666666666666
1 0.20722222222222222 0.25416666666666665 0.027777777777777776 0.051666666666666666
1 0.2588888888888889 0.2525 0.022222222222222223 0.04833333333333333
1 0.28833333333333333 0.2525 0.027777777777777776 0.051666666666666666
1 0.30666666666666664 0.24166666666666667 0.015555555555555555 0.03666666666666667
1 0.3194444444444444 0.24 0.023333333333333334 0.05333333333333334
1 0.34 0.25 0.02 0.03666666666666667
1 0.3738888888888889 0.24666666666666667 0.025555555555555557 0.06
1 0.4061111111111111 0.2375 0.023333333333333334 0.055
1 0.43166666666666664 0.24916666666666668 0.016666666666666666 0.035
1 0.45 0.24 0.017777777777777778 0.043333333333333335
1 0.4661111111111111 0.24833333333333332 0.023333333333333334 0.05
1 0.4872222222222222 0.24583333333333332 0.021111111111111112 0.045
1 0.5338888888888889 0.24583333333333332 0.023333333333333334 0.051666666666666666
1 0.5738888888888889 0.26 0.023333333333333334 0.04
1 0.62 0.2525 0.02 0.045
1 0.65 0.2575 0.017777777777777778 0.035
1 0.6894444444444444 0.2608333333333333 0.016666666666666666 0.03166666666666667
1 0.7266666666666667 0.2525 0.015555555555555555 0.03166666666666667
0 0.75 0.25833333333333336 0.017777777777777778 0.03
1 0.7811111111111111 0.2625 0.015555555555555555 0.028333333333333332
1 0.7933333333333333 0.25 0.013333333333333334 0.02666666666666667
1 0.8166666666666667 0.25 0.015555555555555555 0.03
1 0.8427777777777777 0.255 0.012222222222222223 0.02666666666666667
1 0.8561111111111112 0.25666666666666665 0.012222222222222223 0.03
1 0.8772222222222222 0.25916666666666666 0.014444444444444444 0.025
1 0.9194444444444444 0.25583333333333336 0.014444444444444444 0.025
1 0.9655555555555555 0.25083333333333335 0.013333333333333334 0.021666666666666667
1 0.6972222222222222 0.36833333333333335 0.04111111111111111 0.08666666666666667
1 0.7422222222222222 0.3975 0.044444444444444446 0.075
1 0.020555555555555556 0.27666666666666667 0.03888888888888889 0.09
1 0.09166666666666666 0.2708333333333333 0.03666666666666667 0.055
