0 0.28365384615384615 0.344578313253012 0.12980769230769232 0.18313253012048192
0 0.7379807692307693 0.43855421686746987 0.12980769230769232 0.17349397590361446
0 0.4699519230769231 0.39759036144578314 0.11778846153846154 0.15421686746987953
0 0.8497596153846154 0.3421686746987952 0.12740384615384615 0.1686746987951807
0 0.7271634615384616 0.3493975903614458 0.10336538461538461 0.10120481927710843
0 0.16706730769230768 0.3614457831325301 0.10336538461538461 0.12048192771084337
0 0.06129807692307692 0.336144578313253 0.11778846153846154 0.16626506024096385
0 0.6526442307692307 0.40120481927710844 0.07451923076923077 0.13253012048192772
0 0.9519230769230769 0.3385542168674699 0.08653846153846154 0.17590361445783131
0 0.5264423076923077 0.3746987951807229 0.0625 0.14216867469879518
0 0.3485576923076923 0.38072289156626504 0.0673076923076923 0.15421686746987953
0 0.2848557692307692 0.07710843373493977 0.13221153846153846 0.15421686746987953
0 0.7391826923076923 0.027710843373493974 0.13221153846153846 0.05542168674698795
0 0.46875 0.043373493975903614 0.1201923076923077 0.08674698795180723
0 0.8485576923076923 0.0746987951807229 0.12980769230769232 0.1493975903614458
0 0.7271634615384616 0.05542168674698795 0.10336538461538461 0.10120481927710843
0 0.1658653846153846 0.05301204819277108 0.10576923076923077 0.10602409638554217
0 0.06009615384615385 0.07710843373493977 0.1201923076923077 0.15421686746987953
0 0.6514423076923077 0.03614457831325301 0.07692307692307693 0.07228915662650602
0 0.953125 0.0783132530120482 0.0889423076923077 0.1566265060240964
0 0.5276442307692307 0.051807228915662654 0.06490384615384616 0.10361445783132531
0 0.34975961538461536 0.051807228915662654 0.06971153846153846 0.10361445783132531
