1 0.059541984732824425 0.3383152173913043 0.11603053435114503 0.23097826086956522
1 0.23282442748091603 0.24320652173913043 0.29770992366412213 0.47554347826086957
1 0.35572519083969467 0.3654891304347826 0.051908396946564885 0.11684782608695653
1 0.3748091603053435 0.4320652173913043 0.04732824427480916 0.09782608695652174
1 0.40916030534351144 0.40625 0.03969465648854962 0.08967391304347826
1 0.449618320610687 0.4076086956521739 0.035114503816793895 0.07065217391304347
1 0.5030534351145038 0.42527173913043476 0.03816793893129771 0.051630434782608696
1 0.5572519083969466 0.39266304347826086 0.0366412213740458 0.06793478260869565
1 0.5961832061068703 0.39402173913043476 0.02900763358778626 0.059782608695652176
1 0.6343511450381679 0.3641304347826087 0.06870229007633588 0.11413043478260869
1 0.7053435114503817 0.39266304347826086 0.02748091603053435 0.051630434782608696
