1 0.10263653483992467 0.4548022598870056 0.096045197740113 0.11864406779661017
1 0.16854990583804144 0.4774011299435028 0.03954802259887006 0.062146892655367235
1 0.2080979284369115 0.4759887005649718 0.03954802259887006 0.059322033898305086
1 0.2627118644067797 0.4576271186440678 0.054613935969868174 0.096045197740113
1 0.2928436911487759 0.4774011299435028 0.02448210922787194 0.05649717514124294
1 0.3389830508474576 0.4745762711864407 0.030131826741996232 0.05084745762711865
1 0.3851224105461394 0.4689265536723164 0.02071563088512241 0.03954802259887006
1 0.4444444444444444 0.4138418079096045 0.05649717514124294 0.10451977401129943
1 0.5847457627118644 0.4392655367231638 0.035781544256120526 0.07062146892655367
1 0.6412429378531074 0.4717514124293785 0.047080979284369114 0.0847457627118644
1 0.7721280602636534 0.4505649717514124 0.10922787193973635 0.16101694915254236
