1 0.0733173076923077 0.3401442307692308 0.06971153846153846 0.09375
1 0.8545673076923077 0.296875 0.11298076923076923 0.12740384615384615
1 0.5805288461538461 0.28966346153846156 0.06490384615384616 0.06971153846153846
1 0.23076923076923078 0.2920673076923077 0.09615384615384616 0.12740384615384615
1 0.37740384615384615 0.3161057692307692 0.057692307692307696 0.06971153846153846
1 0.07211538461538461 0.03245192307692308 0.07211538461538461 0.06490384615384616
1 0.8533653846153846 0.0625 0.11538461538461539 0.125
1 0.5805288461538461 0.06850961538461539 0.06490384615384616 0.06971153846153846
1 0.23076923076923078 0.06610576923076923 0.09615384615384616 0.12740384615384615
1 0.37740384615384615 0.042067307692307696 0.057692307692307696 0.06971153846153846
