1 0.1 0.41563275434243174 0.09333333333333334 0.17121588089330025
1 0.18 0.4317617866004963 0.06333333333333334 0.13399503722084366
1 0.22583333333333333 0.45037220843672454 0.03833333333333333 0.08684863523573201
1 0.3275 0.45409429280397023 0.03166666666666667 0.05955334987593052
1 0.3908333333333333 0.456575682382134 0.028333333333333332 0.05459057071960298
1 0.6091666666666666 0.4627791563275434 0.041666666666666664 0.08188585607940446
1 0.6566666666666666 0.47642679900744417 0.043333333333333335 0.08436724565756824
1 0.6991666666666667 0.46153846153846156 0.028333333333333332 0.08436724565756824
1 0.7383333333333333 0.45409429280397023 0.06333333333333334 0.12903225806451613
1 0.2841666666666667 0.4441687344913151 0.058333333333333334 0.09429280397022333
