0 0.14642857142857144 0.41116751269035534 0.032857142857142856 0.06091370558375635
0 0.20714285714285716 0.4149746192893401 0.025714285714285714 0.06345177664974619
0 0.2292857142857143 0.4289340101522843 0.02142857142857143 0.050761421319796954
0 0.2735714285714286 0.4289340101522843 0.024285714285714285 0.05583756345177665
1 0.29 0.42385786802030456 0.017142857142857144 0.05583756345177665
0 0.32142857142857145 0.4276649746192893 0.02857142857142857 0.0583756345177665
0 0.3242857142857143 0.4010152284263959 0.02 0.04060913705583756
0 0.34714285714285714 0.4251269035532995 0.022857142857142857 0.0532994923857868
0 0.38 0.44416243654822335 0.022857142857142857 0.050761421319796954
0 0.3821428571428571 0.40482233502538073 0.02142857142857143 0.03807106598984772
0 0.40214285714285714 0.399746192893401 0.024285714285714285 0.0532994923857868
0 0.42642857142857143 0.3946700507614213 0.02142857142857143 0.048223350253807105
0 0.42214285714285715 0.4530456852791878 0.024285714285714285 0.0532994923857868
0 0.44642857142857145 0.41624365482233505 0.02142857142857143 0.050761421319796954
0 0.47214285714285714 0.44923857868020306 0.02142857142857143 0.050761421319796954
0 0.4785714285714286 0.4086294416243655 0.02 0.050761421319796954
0 0.49857142857142855 0.4213197969543147 0.022857142857142857 0.050761421319796954
0 0.5178571428571429 0.39847715736040606 0.02142857142857143 0.04568527918781726
0 0.5178571428571429 0.4467005076142132 0.024285714285714285 0.05583756345177665
0 0.5407142857142857 0.42385786802030456 0.024285714285714285 0.05583756345177665
0 0.56 0.44416243654822335 0.025714285714285714 0.05583756345177665
0 0.5814285714285714 0.4035532994923858 0.022857142857142857 0.05583756345177665
0 0.6007142857142858 0.43781725888324874 0.024285714285714285 0.0532994923857868
0 0.6157142857142858 0.4352791878172589 0.014285714285714285 0.04314720812182741
1 0.6571428571428571 0.4352791878172589 0.025714285714285714 0.0583756345177665
0 0.6821428571428572 0.44543147208121825 0.024285714285714285 0.048223350253807105
0 0.695 0.3934010152284264 0.018571428571428572 0.03553299492385787
0 0.7042857142857143 0.4213197969543147 0.02 0.04568527918781726
0 0.7171428571428572 0.4467005076142132 0.022857142857142857 0.050761421319796954
0 0.735 0.4086294416243655 0.024285714285714285 0.05583756345177665
0 0.7514285714285714 0.4289340101522843 0.025714285714285714 0.050761421319796954
0 0.7857142857142857 0.4352791878172589 0.022857142857142857 0.0583756345177665
0 0.815 0.43781725888324874 0.027142857142857142 0.06345177664974619
0 0.8835714285714286 0.40609137055837563 0.032857142857142856 0.07106598984771574
