1 0.10075 0.365 0.0475 0.06466666666666666
1 0.63425 0.369 0.0325 0.059333333333333335
1 0.53925 0.36033333333333334 0.0355 0.056666666666666664
1 0.50075 0.349 0.0375 0.062
1 0.4475 0.37366666666666665 0.035 0.05533333333333333
1 0.407 0.37666666666666665 0.033 0.056
1 0.37975 0.36466666666666664 0.0295 0.048
1 0.34475 0.36133333333333334 0.0305 0.050666666666666665
1 0.3185 0.38033333333333336 0.027 0.04733333333333333
1 0.29625 0.372 0.0245 0.044
1 0.89625 0.3993333333333333 0.0645 0.10133333333333333
1 0.79725 0.373 0.0775 0.10866666666666666
1 0.8705 0.33466666666666667 0.053 0.08266666666666667
1 0.67575 0.356 0.0575 0.09333333333333334
1 0.592 0.363 0.051 0.082
1 0.7 0.315 0.038 0.066
