1 0.9238888888888889 0.4116666666666667 0.058888888888888886 0.13
1 0.7916666666666666 0.44666666666666666 0.056666666666666664 0.11
1 0.7366666666666667 0.4633333333333333 0.06222222222222222 0.11333333333333333
1 0.7061111111111111 0.43916666666666665 0.03 0.07166666666666667
1 0.5988888888888889 0.44333333333333336 0.04888888888888889 0.08666666666666667
1 0.5094444444444445 0.42083333333333334 0.04111111111111111 0.08833333333333333
1 0.45166666666666666 0.42333333333333334 0.04555555555555556 0.09666666666666666
1 0.40555555555555556 0.46416666666666667 0.04888888888888889 0.08833333333333333
1 0.3688888888888889 0.44083333333333335 0.044444444444444446 0.08833333333333333
1 0.2972222222222222 0.4558333333333333 0.04555555555555556 0.09166666666666666
1 0.23166666666666666 0.41 0.04777777777777778 0.07666666666666666
1 0.1638888888888889 0.45 0.034444444444444444 0.08
1 0.12222222222222222 0.45 0.03777777777777778 0.07666666666666666
1 0.5394444444444444 0.43583333333333335 0.06333333333333334 0.115
0 0.0961111111111111 0.43083333333333335 0.021111111111111112 0.035
