0 0.03671875 0.5234375 0.0734375 0.37265625
0 0.2265625 0.5359375 0.159375 0.41328125
0 0.36875 0.5375 0.08203125 0.325
0 0.51875 0.628125 0.2671875 0.61015625
0 0.68203125 0.45625 0.11875 0.3296875
0 0.8140625 0.46015625 0.109375 0.30859375
0 0.9078125 0.478125 0.15234375 0.32734375
1 0.04375 0.5921875 0.0875 0.815625
1 0.22265625 0.603125 0.17578125 0.79296875
1 0.3703125 0.63203125 0.10390625 0.7359375
1 0.5140625 0.54609375 0.278125 0.90703125
1 0.6984375 0.58671875 0.1625 0.8265625
1 0.81875 0.54140625 0.103125 0.66640625
1 0.89921875 0.58984375 0.1859375 0.8203125