1 0.1828125 0.53046875 0.1171875 0.628125
1 0.29453125 0.50703125 0.125 0.5875
1 0.36953125 0.53203125 0.146875 0.6109375
1 0.47734375 0.52734375 0.12890625 0.57890625
1 0.5328125 0.4546875 0.1296875 0.59375
1 0.59921875 0.509375 0.134375 0.58046875
1 0.69921875 0.49609375 0.190625 0.578125
1 0.79140625 0.48203125 0.10859375 0.5546875
1 0.88359375 0.55078125 0.19140625 0.6375
0 0.1828125 0.42578125 0.11328125 0.2546875
0 0.29375 0.3984375 0.08515625 0.22421875
0 0.3703125 0.4375 0.1078125 0.240625
0 0.46953125 0.4546875 0.09921875 0.184375
0 0.6015625 0.428125 0.1 0.20078125
0 0.7078125 0.40625 0.0921875 0.21015625
0 0.78203125 0.39921875 0.06796875 0.190625
0 0.87265625 0.421875 0.103125 0.21875
0 0.5484375 0.359375 0.065625 0.2046875