1 0.10859375 0.50625 0.1484375 0.6859375
1 0.284375 0.4984375 0.12734375 0.66171875
1 0.38125 0.46796875 0.0578125 0.53125
1 0.47109375 0.553125 0.1828125 0.89375
1 0.821875 0.4765625 0.1453125 0.68515625
1 0.63046875 0.453125 0.1890625 0.615625
1 0.746875 0.35703125 0.07265625 0.38125
0 0.10390625 0.4046875 0.1234375 0.265625
0 0.2953125 0.38828125 0.11484375 0.26171875
0 0.47421875 0.45546875 0.159375 0.38515625
0 0.3796875 0.409375 0.03828125 0.196875
0 0.64609375 0.35703125 0.10625 0.24140625
0 0.8109375 0.36015625 0.1046875 0.24375
0 0.73828125 0.35703125 0.0578125 0.2109375
0 0.559375 0.3625 0.04921875 0.21953125
1 0.55625 0.4671875 0.06328125 0.59921875