1 0.06953125 0.653125 0.1390625 0.69375
1 0.22578125 0.64140625 0.146875 0.68828125
1 0.37890625 0.46953125 0.16171875 0.4421875
1 0.53359375 0.44296875 0.1640625 0.33671875
1 0.56484375 0.40859375 0.0421875 0.203125
1 0.71796875 0.64296875 0.13828125 0.69296875
1 0.9109375 0.646875 0.178125 0.70546875
1 0.82578125 0.64140625 0.10078125 0.7171875
0 0.06640625 0.5390625 0.1328125 0.2703125
0 0.23359375 0.53046875 0.153125 0.30078125
0 0.36953125 0.51875 0.1390625 0.3328125
0 0.51875 0.48828125 0.115625 0.234375
0 0.72109375 0.6140625 0.1453125 0.365625
0 0.91015625 0.625 0.1796875 0.40625
0 0.828125 0.53515625 0.10625 0.246875
0 0.56640625 0.43671875 0.03828125 0.14765625