1 0.06484375 0.61171875 0.12578125 0.7703125
1 0.25546875 0.47578125 0.1484375 0.515625
1 0.4015625 0.4203125 0.1328125 0.45
1 0.5265625 0.38359375 0.14375 0.33125
1 0.75703125 0.6203125 0.14765625 0.759375
1 0.8484375 0.57421875 0.13671875 0.70390625
1 0.92109375 0.621875 0.14765625 0.75625
0 0.0625 0.49140625 0.121875 0.26640625
0 0.259375 0.47109375 0.146875 0.3046875
0 0.39140625 0.46328125 0.1359375 0.296875
0 0.5125 0.41796875 0.12265625 0.2234375
0 0.753125 0.559375 0.15703125 0.3515625
0 0.85390625 0.4796875 0.11171875 0.25390625
0 0.92578125 0.571875 0.1484375 0.3546875