1 0.03984375 0.59765625 0.0796875 0.8046875
1 0.2265625 0.60078125 0.19375 0.7984375
1 0.4765625 0.54296875 0.36328125 0.91328125
1 0.90234375 0.58359375 0.1953125 0.8328125
1 0.68984375 0.57265625 0.17578125 0.80078125
1 0.81171875 0.41015625 0.1265625 0.45234375
1 0.3625 0.62109375 0.1046875 0.7578125
1 0.39140625 0.2546875 0.140625 0.26015625
0 0.03671875 0.51796875 0.0734375 0.3515625
0 0.2171875 0.50546875 0.15078125 0.346875
0 0.51875 0.6203125 0.27109375 0.609375
0 0.90078125 0.46640625 0.16015625 0.31875
0 0.8078125 0.43828125 0.10546875 0.2953125
0 0.6796875 0.45390625 0.13203125 0.31171875
0 0.36640625 0.5234375 0.1296875 0.2953125
0 0.4046875 0.3203125 0.11953125 0.10625