0 0.3 0.3488700564971751 0.025 0.0423728813559322
0 0.4083333333333333 0.3333333333333333 0.029166666666666667 0.04519774011299435
0 0.4625 0.3234463276836158 0.03333333333333333 0.05367231638418079
0 0.5375 0.3234463276836158 0.029166666666666667 0.05367231638418079
0 0.571875 0.3220338983050847 0.027083333333333334 0.05084745762711865
0 0.621875 0.3290960451977401 0.03125 0.05367231638418079
0 0.678125 0.3008474576271186 0.027083333333333334 0.05367231638418079
0 0.74375 0.3375706214689266 0.041666666666666664 0.06497175141242938
0 0.8375 0.3036723163841808 0.03333333333333333 0.059322033898305086
0 0.815625 0.4392655367231638 0.04791666666666667 0.07062146892655367
