1 0.96 0.42032332563510394 0.07076923076923076 0.12471131639722864
1 0.8938461538461538 0.4515011547344111 0.05846153846153846 0.09468822170900693
1 0.8323076923076923 0.41454965357967666 0.055384615384615386 0.09006928406466513
1 0.7946153846153846 0.41454965357967666 0.023076923076923078 0.07159353348729793
1 0.7730769230769231 0.41454965357967666 0.016923076923076923 0.06697459584295612
1 0.7376923076923076 0.407621247113164 0.023076923076923078 0.04849884526558892
1 0.7084615384615385 0.4133949191685912 0.03538461538461538 0.06466512702078522
1 0.6753846153846154 0.42032332563510394 0.027692307692307693 0.06004618937644342
1 0.6407692307692308 0.4133949191685912 0.03230769230769231 0.05542725173210162
1 0.6153846153846154 0.40300230946882215 0.027692307692307693 0.057736720554272515
1 0.5907692307692308 0.4006928406466513 0.027692307692307693 0.053117782909930716
1 0.5661538461538461 0.4018475750577367 0.024615384615384615 0.046189376443418015
1 0.536923076923077 0.3995381062355658 0.027692307692307693 0.046189376443418015
1 0.5176923076923077 0.3972286374133949 0.013846153846153847 0.04157043879907621
1 0.49230769230769234 0.384526558891455 0.021538461538461538 0.04387990762124711
1 0.4723076923076923 0.4133949191685912 0.018461538461538463 0.03233256351039261
1 0.4530769230769231 0.40993071593533487 0.02 0.03926096997690531
1 0.42615384615384616 0.4064665127020785 0.021538461538461538 0.03695150115473441
1 0.4046153846153846 0.40993071593533487 0.018461538461538463 0.03464203233256351
1 0.3953846153846154 0.394919168591224 0.015384615384615385 0.02771362586605081
1 0.3823076923076923 0.40993071593533487 0.02 0.03464203233256351
1 0.3676923076923077 0.4006928406466513 0.012307692307692308 0.025404157043879907
1 0.3607692307692308 0.4237875288683603 0.016923076923076923 0.03002309468822171
1 0.34692307692307695 0.40300230946882215 0.013846153846153847 0.03002309468822171
1 0.3376923076923077 0.42032332563510394 0.013846153846153847 0.02771362586605081
1 0.3192307692307692 0.4168591224018476 0.016923076923076923 0.03002309468822171
1 0.30846153846153845 0.39376443418013857 0.010769230769230769 0.025404157043879907
1 0.3007692307692308 0.40993071593533487 0.016923076923076923 0.03002309468822171
1 0.28615384615384615 0.4018475750577367 0.015384615384615385 0.02771362586605081
1 0.2753846153846154 0.39376443418013857 0.012307692307692308 0.025404157043879907
1 0.25769230769230766 0.407621247113164 0.013846153846153847 0.025404157043879907
1 0.23692307692307693 0.4018475750577367 0.012307692307692308 0.018475750577367205
1 0.20153846153846153 0.3810623556581986 0.027692307692307693 0.050808314087759814
1 0.22 0.40415704387990764 0.021538461538461538 0.04157043879907621
1 0.17692307692307693 0.3995381062355658 0.012307692307692308 0.02771362586605081
1 0.16307692307692306 0.3995381062355658 0.018461538461538463 0.04157043879907621
1 0.1423076923076923 0.3856812933025404 0.026153846153846153 0.046189376443418015
1 0.11692307692307692 0.4006928406466513 0.015384615384615385 0.025404157043879907
1 0.10692307692307693 0.39376443418013857 0.013846153846153847 0.03002309468822171
1 0.09538461538461539 0.394919168591224 0.009230769230769232 0.023094688221709007
1 0.08615384615384615 0.418013856812933 0.018461538461538463 0.02771362586605081
1 0.06461538461538462 0.4053117782909931 0.018461538461538463 0.03002309468822171
1 0.03769230769230769 0.4053117782909931 0.016923076923076923 0.03002309468822171
