1 0.6622596153846154 0.3137019230769231 0.036057692307692304 0.040865384615384616
1 0.8605769230769231 0.31009615384615385 0.038461538461538464 0.038461538461538464
1 0.7860576923076923 0.27884615384615385 0.03365384615384615 0.03365384615384615
1 0.7175480769230769 0.3137019230769231 0.040865384615384616 0.036057692307692304
1 0.7680288461538461 0.47716346153846156 0.04567307692307692 0.036057692307692304
1 0.8822115384615384 0.6237980769230769 0.038461538461538464 0.04567307692307692
1 0.8894230769230769 0.40024038461538464 0.03365384615384615 0.03125
1 0.6610576923076923 0.020432692307692308 0.038461538461538464 0.040865384615384616
1 0.8605769230769231 0.021634615384615384 0.038461538461538464 0.038461538461538464
1 0.7860576923076923 0.052884615384615384 0.03365384615384615 0.03365384615384615
1 0.7175480769230769 0.020432692307692308 0.040865384615384616 0.036057692307692304
