1 0.27587890625 0.3763020833333333 0.0380859375 0.07291666666666667
1 0.41357421875 0.34375 0.0341796875 0.06770833333333333
1 0.45947265625 0.373046875 0.0380859375 0.06901041666666667
1 0.50830078125 0.376953125 0.0322265625 0.06380208333333333
1 0.53955078125 0.3802083333333333 0.0400390625 0.078125
1 0.60986328125 0.4270833333333333 0.0458984375 0.08072916666666667
1 0.6259765625 0.3795572916666667 0.037109375 0.061197916666666664
1 0.689453125 0.345703125 0.037109375 0.07161458333333333
0 0.22265625 0.3776041666666667 0.0390625 0.059895833333333336
1 0.72900390625 0.3626302083333333 0.0517578125 0.09765625
1 0.3720703125 0.3990885416666667 0.041015625 0.07161458333333333
1 0.330078125 0.3333333333333333 0.0390625 0.0703125
