1 0.02125 0.48333333333333334 0.0375 0.06666666666666667
1 0.0725 0.475 0.03 0.05
1 0.10625 0.48833333333333334 0.0425 0.07666666666666666
1 0.13875 0.49166666666666664 0.0325 0.06333333333333334
1 0.17875 0.485 0.0325 0.06333333333333334
1 0.2025 0.4866666666666667 0.025 0.05333333333333334
1 0.24625 0.49333333333333335 0.0325 0.06666666666666667
1 0.275 0.5016666666666667 0.025 0.056666666666666664
1 0.295 0.49666666666666665 0.015 0.04666666666666667
1 0.375 0.48333333333333334 0.045 0.07333333333333333
1 0.515 0.5083333333333333 0.04 0.06333333333333334
1 0.62375 0.5133333333333333 0.0425 0.06666666666666667
0 0.59375 0.515 0.0175 0.03
0 0.5825 0.5033333333333333 0.015 0.03333333333333333
0 0.56875 0.5033333333333333 0.0175 0.03333333333333333
0 0.66 0.5 0.025 0.04666666666666667
0 0.68375 0.5166666666666667 0.0275 0.04666666666666667
0 0.68625 0.4816666666666667 0.0225 0.03666666666666667
0 0.7075 0.49 0.025 0.04
0 0.72375 0.515 0.0325 0.056666666666666664
0 0.76125 0.52 0.0325 0.06
0 0.80625 0.51 0.0325 0.05333333333333334
0 0.85625 0.5083333333333333 0.0325 0.06333333333333334
0 0.8825 0.5183333333333333 0.025 0.043333333333333335
0 0.9025 0.53 0.03 0.05333333333333334
0 0.96125 0.52 0.0325 0.06
