1 0.07083333333333333 0.32590529247910865 0.06666666666666667 0.12256267409470752
1 0.31979166666666664 0.3050139275766017 0.06458333333333334 0.11420612813370473
1 0.4197916666666667 0.35097493036211697 0.08125 0.13370473537604458
1 0.5145833333333333 0.34958217270194986 0.025 0.036211699164345405
1 0.55 0.2883008356545961 0.025 0.08635097493036212
1 0.5958333333333333 0.2883008356545961 0.07916666666666666 0.14206128133704735
1 0.68125 0.3245125348189415 0.05416666666666667 0.11420612813370473
1 0.7520833333333333 0.3203342618384401 0.03333333333333333 0.03899721448467967
1 0.8302083333333333 0.2743732590529248 0.07291666666666667 0.11977715877437325
1 0.934375 0.2743732590529248 0.07708333333333334 0.14763231197771587
