1 0.11805555555555555 0.5709876543209876 0.0712962962962963 0.11728395061728394
1 0.24166666666666667 0.5734567901234567 0.04259259259259259 0.07530864197530865
1 0.3074074074074074 0.5938271604938271 0.05185185185185185 0.08641975308641975
1 0.3337962962962963 0.5493827160493827 0.04537037037037037 0.07160493827160494
1 0.4356481481481482 0.6228395061728395 0.05462962962962963 0.08518518518518518
1 0.4949074074074074 0.5765432098765432 0.03981481481481482 0.0691358024691358
1 0.41805555555555557 0.5722222222222222 0.026851851851851852 0.04567901234567901
1 0.5435185185185185 0.65 0.07222222222222222 0.11728395061728394
1 0.6402777777777777 0.5987654320987654 0.08611111111111111 0.12839506172839507
1 0.6990740740740741 0.5549382716049382 0.03518518518518519 0.050617283950617285
1 0.7407407407407407 0.6351851851851852 0.06851851851851852 0.10987654320987654
1 0.8208333333333333 0.6537037037037037 0.10648148148148148 0.15432098765432098
1 0.7949074074074074 0.5617283950617284 0.05277777777777778 0.07160493827160494
1 0.9166666666666666 0.65 0.09814814814814815 0.1345679012345679
