1 0.10096153846153846 0.43855421686746987 0.03365384615384615 0.04819277108433735
1 0.25600961538461536 0.43493975903614457 0.07451923076923077 0.0891566265060241
1 0.36899038461538464 0.43132530120481927 0.07932692307692307 0.08674698795180723
0 0.48197115384615385 0.43614457831325304 0.055288461538461536 0.06746987951807229
0 0.16826923076923078 0.42168674698795183 0.04807692307692308 0.05783132530120482
0 0.051682692307692304 0.42289156626506025 0.04567307692307692 0.06506024096385542
0 0.8461538461538461 0.4867469879518072 0.04326923076923077 0.05783132530120482
0 0.7223557692307693 0.4506024096385542 0.06009615384615385 0.06265060240963856
0 0.6538461538461539 0.4734939759036145 0.038461538461538464 0.05060240963855422
0 0.6033653846153846 0.4674698795180723 0.0625 0.06265060240963856
0 0.5661057692307693 0.4855421686746988 0.036057692307692304 0.060240963855421686
0 0.5180288461538461 0.4807228915662651 0.040865384615384616 0.05542168674698795
1 0.10216346153846154 0.01566265060240964 0.036057692307692304 0.03132530120481928
1 0.2548076923076923 0.027710843373493974 0.07692307692307693 0.05542168674698795
1 0.36778846153846156 0.02891566265060241 0.08173076923076923 0.05783132530120482
0 0.4807692307692308 0.021686746987951807 0.057692307692307696 0.043373493975903614
0 0.16947115384615385 0.02650602409638554 0.05048076923076923 0.05301204819277108
0 0.05048076923076923 0.027710843373493974 0.04807692307692308 0.05542168674698795
0 0.7211538461538461 0.01325301204819277 0.0625 0.02650602409638554
