0 0.17307692307692307 0.3530120481927711 0.10576923076923077 0.11325301204819277
0 0.8665865384615384 0.3650602409638554 0.06490384615384616 0.0891566265060241
0 0.5673076923076923 0.3433734939759036 0.08173076923076923 0.10843373493975904
0 0.3473557692307692 0.3325301204819277 0.09375 0.10602409638554217
0 0.7403846153846154 0.3204819277108434 0.10576923076923077 0.13493975903614458
0 0.9627403846153846 0.3457831325301205 0.055288461538461536 0.0891566265060241
0 0.5180288461538461 0.3759036144578313 0.040865384615384616 0.06746987951807229
0 0.6213942307692307 0.3566265060240964 0.040865384615384616 0.06746987951807229
0 0.09615384615384616 0.37349397590361444 0.04807692307692308 0.06746987951807229
0 0.24639423076923078 0.372289156626506 0.03125 0.04578313253012048
0 0.027644230769230768 0.38674698795180723 0.05048076923076923 0.06987951807228916
0 0.4675480769230769 0.3783132530120482 0.03125 0.03855421686746988
0 0.6502403846153846 0.36987951807228914 0.040865384615384616 0.05542168674698795
0 0.41947115384615385 0.39397590361445783 0.040865384615384616 0.05060240963855422
0 0.39663461538461536 0.3542168674698795 0.03365384615384615 0.05783132530120482
0 0.9807692307692307 0.3096385542168675 0.028846153846153848 0.12771084337349398
0 0.17427884615384615 0.01927710843373494 0.10817307692307693 0.03855421686746988
0 0.5685096153846154 0.02289156626506024 0.08413461538461539 0.04578313253012048
0 0.34615384615384615 0.027710843373493974 0.09615384615384616 0.05542168674698795
0 0.7415865384615384 0.04096385542168675 0.10817307692307693 0.0819277108433735
0 0.9615384615384616 0.016867469879518072 0.057692307692307696 0.033734939759036145
0 0.9819711538461539 0.04457831325301205 0.03125 0.0891566265060241
