1 0.8954326923076923 0.4578313253012048 0.055288461538461536 0.05301204819277108
1 0.7283653846153846 0.4614457831325301 0.04807692307692308 0.05542168674698795
1 0.31490384615384615 0.45903614457831327 0.028846153846153848 0.03132530120481928
1 0.39302884615384615 0.4578313253012048 0.026442307692307692 0.03855421686746988
1 0.41346153846153844 0.463855421686747 0.019230769230769232 0.03614457831325301
1 0.4735576923076923 0.4469879518072289 0.028846153846153848 0.03614457831325301
0 0.44591346153846156 0.4614457831325301 0.021634615384615384 0.03614457831325301
1 0.5228365384615384 0.4542168674698795 0.03125 0.05060240963855422
1 0.5564903846153846 0.4506024096385542 0.03125 0.04819277108433735
1 0.6923076923076923 0.4602409638554217 0.028846153846153848 0.043373493975903614
1 0.6442307692307693 0.45180722891566266 0.03365384615384615 0.05542168674698795
