1 0.17444444444444446 0.40166666666666667 0.11777777777777777 0.19666666666666666
1 0.21 0.32 0.07777777777777778 0.14
1 0.47 0.38166666666666665 0.05555555555555555 0.13
1 0.06444444444444444 0.37333333333333335 0.05333333333333334 0.13333333333333333
1 0.6655555555555556 0.4 0.03777777777777778 0.06666666666666667
1 0.75 0.42 0.08222222222222222 0.14666666666666667
1 0.79 0.395 0.04666666666666667 0.11
1 0.9311111111111111 0.40166666666666667 0.04888888888888889 0.11666666666666667
1 0.9711111111111111 0.41833333333333333 0.057777777777777775 0.13666666666666666
1 0.84 0.3983333333333333 0.07555555555555556 0.16333333333333333
1 0.5266666666666666 0.355 0.07555555555555556 0.16333333333333333
1 0.34555555555555556 0.35833333333333334 0.08666666666666667 0.17
1 0.12111111111111111 0.365 0.07777777777777778 0.17
1 0.03111111111111111 0.3883333333333333 0.05333333333333334 0.17666666666666667
0 0.2911111111111111 0.4066666666666667 0.04 0.08666666666666667
