1 0.07211538461538461 0.3481927710843373 0.057692307692307696 0.06506024096385542
0 0.3137019230769231 0.3481927710843373 0.07451923076923077 0.07951807228915662
0 0.47836538461538464 0.3674698795180723 0.07211538461538461 0.0746987951807229
0 0.8076923076923077 0.36987951807228914 0.057692307692307696 0.08433734939759036
0 0.6262019230769231 0.36265060240963853 0.05048076923076923 0.06987951807228916
1 0.5408653846153846 0.35542168674698793 0.02403846153846154 0.04096385542168675
1 0.375 0.3530120481927711 0.03365384615384615 0.05060240963855422
1 0.5733173076923077 0.3578313253012048 0.03125 0.05060240963855422
1 0.7548076923076923 0.36626506024096384 0.028846153846153848 0.043373493975903614
0 0.9002403846153846 0.372289156626506 0.036057692307692304 0.05060240963855422
0 0.13341346153846154 0.3530120481927711 0.040865384615384616 0.04578313253012048
0 0.019230769230769232 0.3578313253012048 0.03365384615384615 0.04578313253012048
0 0.17067307692307693 0.3493975903614458 0.02403846153846154 0.033734939759036145
1 0.07211538461538461 0.0927710843373494 0.057692307692307696 0.06506024096385542
0 0.3137019230769231 0.0927710843373494 0.07451923076923077 0.07951807228915662
0 0.47836538461538464 0.07349397590361446 0.07211538461538461 0.0746987951807229
0 0.8076923076923077 0.07108433734939759 0.057692307692307696 0.08433734939759036
0 0.6262019230769231 0.0783132530120482 0.05048076923076923 0.06987951807228916
1 0.5408653846153846 0.0855421686746988 0.02403846153846154 0.04096385542168675
1 0.375 0.08795180722891566 0.03365384615384615 0.05060240963855422
1 0.5733173076923077 0.08313253012048193 0.03125 0.05060240963855422
1 0.7548076923076923 0.07228915662650602 0.028846153846153848 0.043373493975903614
0 0.9002403846153846 0.06867469879518072 0.036057692307692304 0.05060240963855422
0 0.13341346153846154 0.08795180722891566 0.040865384615384616 0.04578313253012048
0 0.019230769230769232 0.08313253012048193 0.03365384615384615 0.04578313253012048
0 0.17067307692307693 0.0891566265060241 0.02403846153846154 0.033734939759036145
