0 0.546875 0.41807228915662653 0.06490384615384616 0.08433734939759036
0 0.6778846153846154 0.40120481927710844 0.0625 0.0746987951807229
0 0.2439903846153846 0.41204819277108434 0.06971153846153846 0.0819277108433735
0 0.4411057692307692 0.39879518072289155 0.07932692307692307 0.11325301204819277
0 0.8737980769230769 0.3759036144578313 0.09375 0.10602409638554217
0 0.9615384615384616 0.36626506024096384 0.0673076923076923 0.07228915662650602
0 0.10336538461538461 0.3240963855421687 0.1778846153846154 0.20481927710843373
0 0.38100961538461536 0.41807228915662653 0.055288461538461536 0.0746987951807229
0 0.7163461538461539 0.3855421686746988 0.03365384615384615 0.06265060240963856
0 0.5456730769230769 0.010843373493975903 0.0673076923076923 0.021686746987951807
0 0.6790865384615384 0.016867469879518072 0.06490384615384616 0.033734939759036145
0 0.24278846153846154 0.01325301204819277 0.07211538461538461 0.02650602409638554
0 0.43990384615384615 0.027710843373493974 0.08173076923076923 0.05542168674698795
0 0.8725961538461539 0.03734939759036145 0.09615384615384616 0.0746987951807229
0 0.9627403846153846 0.033734939759036145 0.06971153846153846 0.06746987951807229
0 0.1045673076923077 0.08795180722891566 0.18028846153846154 0.17590361445783131
0 0.3798076923076923 0.008433734939759036 0.057692307692307696 0.016867469879518072
0 0.7175480769230769 0.021686746987951807 0.036057692307692304 0.043373493975903614
