1 0.122 0.31006493506493504 0.06 0.1461038961038961
1 0.219 0.32305194805194803 0.07 0.1590909090909091
1 0.283 0.3717532467532468 0.05 0.09415584415584416
1 0.362 0.3717532467532468 0.072 0.17857142857142858
1 0.499 0.37012987012987014 0.082 0.17532467532467533
1 0.513 0.2727272727272727 0.066 0.09090909090909091
1 0.66 0.37012987012987014 0.056 0.13636363636363635
1 0.733 0.4074675324675325 0.054 0.10064935064935066
1 0.731 0.29383116883116883 0.058 0.12012987012987013
1 0.788 0.32792207792207795 0.076 0.14935064935064934
1 0.88 0.3068181818181818 0.068 0.1525974025974026
