0 0.3329326923076923 0.4108433734939759 0.04567307692307692 0.060240963855421686
0 0.6262019230769231 0.4072289156626506 0.05048076923076923 0.05783132530120482
0 0.7584134615384616 0.40602409638554215 0.05048076923076923 0.05542168674698795
0 0.21634615384615385 0.41807228915662653 0.052884615384615384 0.04578313253012048
0 0.42788461538461536 0.41566265060240964 0.03365384615384615 0.04578313253012048
0 0.4807692307692308 0.38795180722891565 0.052884615384615384 0.05783132530120482
0 0.5480769230769231 0.39759036144578314 0.038461538461538464 0.04819277108433735
0 0.7115384615384616 0.40963855421686746 0.028846153846153848 0.043373493975903614
0 0.796875 0.41204819277108434 0.026442307692307692 0.043373493975903614
0 0.8581730769230769 0.40843373493975904 0.038461538461538464 0.05060240963855422
0 0.9122596153846154 0.42168674698795183 0.05048076923076923 0.06265060240963856
