1 0.06818181818181818 0.3726027397260274 0.09636363636363636 0.16986301369863013
1 0.26454545454545453 0.4191780821917808 0.06727272727272728 0.15342465753424658
1 0.35545454545454547 0.4054794520547945 0.06363636363636363 0.13150684931506848
1 0.4263636363636364 0.39452054794520547 0.056363636363636366 0.12602739726027398
1 0.5345454545454545 0.5219178082191781 0.05818181818181818 0.12876712328767123
1 0.6136363636363636 0.4780821917808219 0.06363636363636363 0.12876712328767123
1 0.7254545454545455 0.4410958904109589 0.06909090909090909 0.136986301369863
1 0.5536363636363636 0.3684931506849315 0.045454545454545456 0.07397260273972603
1 0.8436363636363636 0.4328767123287671 0.10909090909090909 0.2410958904109589
1 0.9309090909090909 0.38767123287671235 0.08 0.16712328767123288
