1 0.41586538461538464 0.4326923076923077 0.08173076923076923 0.09134615384615384
1 0.6141826923076923 0.421875 0.06971153846153846 0.06971153846153846
1 0.734375 0.18990384615384615 0.055288461538461536 0.038461538461538464
1 0.390625 0.2512019230769231 0.040865384615384616 0.04567307692307692
1 0.7680288461538461 0.203125 0.040865384615384616 0.04567307692307692
1 0.8149038461538461 0.20432692307692307 0.02403846153846154 0.03365384615384615
1 0.8701923076923077 0.19230769230769232 0.02403846153846154 0.028846153846153848
1 0.8870192307692307 0.203125 0.02403846153846154 0.026442307692307692
1 0.734375 0.1466346153846154 0.055288461538461536 0.038461538461538464
1 0.390625 0.08774038461538461 0.040865384615384616 0.04567307692307692
1 0.7680288461538461 0.13581730769230768 0.040865384615384616 0.04567307692307692
1 0.8149038461538461 0.13221153846153846 0.02403846153846154 0.03365384615384615
1 0.8701923076923077 0.14423076923076922 0.02403846153846154 0.028846153846153848
1 0.8870192307692307 0.13581730769230768 0.02403846153846154 0.026442307692307692
