0 0.28365384615384615 0.3301204819277108 0.13942307692307693 0.15903614457831325
0 0.6742788461538461 0.3433734939759036 0.14182692307692307 0.1614457831325301
0 0.9026442307692307 0.3686746987951807 0.11298076923076923 0.13493975903614458
0 0.4807692307692308 0.38072289156626504 0.057692307692307696 0.0819277108433735
0 0.5588942307692307 0.336144578313253 0.09375 0.12289156626506025
0 0.39783653846153844 0.39518072289156625 0.06971153846153846 0.10602409638554217
0 0.35336538461538464 0.4072289156626506 0.038461538461538464 0.07228915662650602
0 0.051682692307692304 0.38674698795180723 0.09375 0.1710843373493976
0 0.2848557692307692 0.04216867469879518 0.14182692307692307 0.08433734939759036
0 0.6730769230769231 0.03614457831325301 0.14423076923076922 0.07228915662650602
0 0.9014423076923077 0.016867469879518072 0.11538461538461539 0.033734939759036145
0 0.5576923076923077 0.030120481927710843 0.09615384615384616 0.060240963855421686
0 0.05048076923076923 0.016867469879518072 0.09615384615384616 0.033734939759036145
