0 0.118 0.3413333333333333 0.04 0.058666666666666666
0 0.229 0.3413333333333333 0.062 0.096
0 0.423 0.2813333333333333 0.046 0.088
0 0.512 0.30666666666666664 0.04 0.07466666666666667
0 0.601 0.328 0.03 0.05333333333333334
0 0.656 0.33466666666666667 0.032 0.072
0 0.697 0.31733333333333336 0.066 0.10666666666666667
0 0.754 0.33066666666666666 0.032 0.058666666666666666
0 0.822 0.324 0.028 0.04533333333333334
0 0.878 0.30133333333333334 0.04 0.06933333333333333
0 0.938 0.32266666666666666 0.032 0.048
