1 0.8689903846153846 0.36899038461538464 0.08413461538461539 0.10817307692307693
1 0.07451923076923077 0.3137019230769231 0.1201923076923077 0.14182692307692307
1 0.1310096153846154 0.41586538461538464 0.06971153846153846 0.08173076923076923
1 0.21153846153846154 0.43990384615384615 0.052884615384615384 0.0673076923076923
1 0.47596153846153844 0.4326923076923077 0.038461538461538464 0.04807692307692308
1 0.6622596153846154 0.4338942307692308 0.03125 0.04567307692307692
1 0.7932692307692307 0.44591346153846156 0.04326923076923077 0.06490384615384616
1 0.2932692307692308 0.4411057692307692 0.028846153846153848 0.04567307692307692
1 0.6105769230769231 0.44591346153846156 0.038461538461538464 0.04567307692307692
1 0.8473557692307693 0.4266826923076923 0.04567307692307692 0.07451923076923077
1 0.43028846153846156 0.47836538461538464 0.03365384615384615 0.03365384615384615
1 0.24639423076923078 0.4579326923076923 0.036057692307692304 0.04567307692307692
1 0.07572115384615384 0.04567307692307692 0.12259615384615384 0.09134615384615384
