1 0.15469613259668508 0.4349112426035503 0.04104183109707971 0.07455621301775148
1 0.23993685872138912 0.4775147928994083 0.03314917127071823 0.06745562130177515
1 0.27229676400947117 0.4325443786982249 0.03157063930544594 0.0650887573964497
1 0.3358326756116811 0.44023668639053254 0.02920284135753749 0.06153846153846154
1 0.372138910812944 0.4443786982248521 0.03235990528808208 0.06982248520710059
1 0.42423046566692973 0.4366863905325444 0.02920284135753749 0.05917159763313609
1 0.5430149960536701 0.44970414201183434 0.028413575374901343 0.054437869822485205
1 0.5805051302288872 0.44970414201183434 0.021310181531176007 0.0378698224852071
1 0.6136543014996053 0.4420118343195266 0.027624309392265192 0.05325443786982249
1 0.6716653512233622 0.43609467455621304 0.017363851617995266 0.03431952662721893
1 0.6992896606156275 0.44023668639053254 0.020520915548539857 0.040236686390532544
1 0.7249408050513023 0.45207100591715976 0.02920284135753749 0.054437869822485205
1 0.7805840568271507 0.44733727810650886 0.012628255722178374 0.021301775147928994
1 0.808602999210734 0.4597633136094675 0.011838989739542225 0.02485207100591716
1 0.8255722178374112 0.5384615384615384 0.05840568271507498 0.10887573964497041
1 0.8528018942383583 0.4307692307692308 0.0718232044198895 0.1301775147928994
1 0.9518547750591949 0.4396449704142012 0.036306235201262825 0.05325443786982249
1 0.6625887924230466 0.45680473372781066 0.018153117600631413 0.033136094674556214
1 0.48697711128650356 0.457396449704142 0.018942383583267563 0.03431952662721893
1 0.40094711917916337 0.45798816568047335 0.01578531965272297 0.03076923076923077
