1 0.33774038461538464 0.4074519230769231 0.05048076923076923 0.06009615384615385
0 0.9038461538461539 0.3786057692307692 0.07692307692307693 0.09375
0 0.7127403846153846 0.3942307692307692 0.055288461538461536 0.0673076923076923
0 0.5793269230769231 0.3701923076923077 0.052884615384615384 0.0673076923076923
0 0.2512019230769231 0.41466346153846156 0.040865384615384616 0.06009615384615385
0 0.1346153846153846 0.40384615384615385 0.057692307692307696 0.057692307692307696
0 0.2860576923076923 0.40024038461538464 0.038461538461538464 0.04567307692307692
0 0.3858173076923077 0.40625 0.036057692307692304 0.04807692307692308
0 0.4182692307692308 0.41346153846153844 0.028846153846153848 0.04807692307692308
0 0.44471153846153844 0.41466346153846156 0.028846153846153848 0.03125
0 0.5108173076923077 0.3918269230769231 0.04567307692307692 0.057692307692307696
