1 0.12620192307692307 0.2783132530120482 0.08413461538461539 0.0891566265060241
1 0.2247596153846154 0.25662650602409637 0.0889423076923077 0.10361445783132531
1 0.7764423076923077 0.3024096385542169 0.11057692307692307 0.12289156626506025
1 0.35336538461538464 0.3024096385542169 0.10576923076923077 0.1180722891566265
1 0.5300480769230769 0.3024096385542169 0.10817307692307693 0.1180722891566265
1 0.7127403846153846 0.2493975903614458 0.055288461538461536 0.06987951807228916
1 0.9110576923076923 0.20120481927710843 0.028846153846153848 0.04096385542168675
0 0.5564903846153846 0.21807228915662652 0.036057692307692304 0.05060240963855422
0 0.6754807692307693 0.2 0.03365384615384615 0.033734939759036145
1 0.12620192307692307 0.06626506024096386 0.08413461538461539 0.0891566265060241
1 0.2247596153846154 0.08795180722891566 0.0889423076923077 0.10361445783132531
1 0.7776442307692307 0.051807228915662654 0.11298076923076923 0.10361445783132531
1 0.3545673076923077 0.05060240963855422 0.10817307692307693 0.10120481927710843
1 0.5288461538461539 0.05060240963855422 0.11057692307692307 0.10120481927710843
1 0.7127403846153846 0.09518072289156626 0.055288461538461536 0.06987951807228916
1 0.9110576923076923 0.14337349397590363 0.028846153846153848 0.04096385542168675
0 0.5564903846153846 0.12650602409638553 0.036057692307692304 0.05060240963855422
0 0.6754807692307693 0.14216867469879518 0.03365384615384615 0.033734939759036145
