1 0.7836538461538461 0.19110576923076922 0.057692307692307696 0.06971153846153846
1 0.9699519230769231 0.17668269230769232 0.055288461538461536 0.08413461538461539
1 0.3173076923076923 0.20793269230769232 0.038461538461538464 0.06971153846153846
1 0.3641826923076923 0.22355769230769232 0.04567307692307692 0.0625
1 0.8858173076923077 0.21995192307692307 0.036057692307692304 0.05048076923076923
1 0.7836538461538461 0.06129807692307692 0.057692307692307696 0.06971153846153846
1 0.9699519230769231 0.07572115384615384 0.055288461538461536 0.08413461538461539
1 0.3173076923076923 0.04447115384615385 0.038461538461538464 0.06971153846153846
1 0.3629807692307692 0.030048076923076924 0.04807692307692308 0.06009615384615385
1 0.8858173076923077 0.03245192307692308 0.036057692307692304 0.05048076923076923
