1 0.6875 0.5144230769230769 0.052884615384615384 0.07692307692307693
1 0.3389423076923077 0.4891826923076923 0.03365384615384615 0.04567307692307692
1 0.3894230769230769 0.48677884615384615 0.03365384615384615 0.04567307692307692
1 0.5276442307692307 0.48197115384615385 0.036057692307692304 0.05048076923076923
1 0.5060096153846154 0.4891826923076923 0.026442307692307692 0.040865384615384616
1 0.7680288461538461 0.49038461538461536 0.040865384615384616 0.057692307692307696
1 0.7331730769230769 0.4735576923076923 0.038461538461538464 0.057692307692307696
1 0.9435096153846154 0.4891826923076923 0.04567307692307692 0.06490384615384616
0 0.625 0.4735576923076923 0.03365384615384615 0.04326923076923077
0 0.6009615384615384 0.47596153846153844 0.028846153846153848 0.04807692307692308
0 0.5721153846153846 0.484375 0.038461538461538464 0.055288461538461536
