0 0.7550287356321839 0.2627551020408163 0.035919540229885055 0.07653061224489796
1 0.8735632183908046 0.2729591836734694 0.022988505747126436 0.04081632653061224
1 0.5905172413793104 0.4107142857142857 0.034482758620689655 0.07653061224489796
1 0.514367816091954 0.41709183673469385 0.028735632183908046 0.058673469387755105
0 0.46336206896551724 0.3877551020408163 0.041666666666666664 0.08673469387755102
0 0.3311781609195402 0.4247448979591837 0.027298850574712645 0.04846938775510204
0 0.2974137931034483 0.4336734693877551 0.022988505747126436 0.04591836734693878
1 0.35488505747126436 0.3877551020408163 0.022988505747126436 0.04591836734693878
1 0.3742816091954023 0.3864795918367347 0.01293103448275862 0.02806122448979592
0 0.15948275862068967 0.45790816326530615 0.020114942528735632 0.04336734693877551
0 0.12140804597701149 0.45918367346938777 0.01867816091954023 0.03571428571428571
1 0.08405172413793104 0.45663265306122447 0.01867816091954023 0.04081632653061224
0 0.18031609195402298 0.4336734693877551 0.01293103448275862 0.025510204081632654
1 0.2413793103448276 0.4489795918367347 0.020114942528735632 0.04081632653061224
