1 0.49759615384615385 0.39759036144578314 0.08173076923076923 0.12530120481927712
1 0.057692307692307696 0.35542168674698793 0.11538461538461539 0.20963855421686747
1 0.6310096153846154 0.43373493975903615 0.11298076923076923 0.1493975903614458
1 0.8353365384615384 0.39156626506024095 0.07932692307692307 0.12289156626506025
0 0.6959134615384616 0.36987951807228914 0.08413461538461539 0.09397590361445783
0 0.23317307692307693 0.45180722891566266 0.12980769230769232 0.1614457831325301
0 0.40865384615384615 0.40240963855421685 0.08653846153846154 0.12048192771084337
0 0.9086538461538461 0.43012048192771085 0.12980769230769232 0.1614457831325301
0 0.22596153846153846 0.3891566265060241 0.07211538461538461 0.08433734939759036
1 0.32572115384615385 0.42409638554216866 0.026442307692307692 0.03855421686746988
1 0.05889423076923077 0.04216867469879518 0.11778846153846154 0.08433734939759036
