1 0.656 0.2860902255639098 0.085 0.17218045112781954
1 0.57075 0.16165413533834586 0.0265 0.05263157894736842
1 0.4895 0.15902255639097745 0.011 0.02481203007518797
1 0.4675 0.15977443609022557 0.008 0.014285714285714285
1 0.7965 0.22631578947368422 0.028 0.039097744360902256
1 0.44325 0.15 0.0365 0.06541353383458647
1 0.3355 0.31090225563909774 0.053 0.10150375939849623
1 0.2925 0.1330827067669173 0.054 0.08270676691729323
1 0.07675 0.17706766917293232 0.0225 0.035338345864661655
1 0.10825 0.23796992481203008 0.0215 0.03684210526315789
1 0.146 0.14511278195488722 0.011 0.021052631578947368
1 0.1775 0.1462406015037594 0.013 0.02330827067669173
1 0.21225 0.1469924812030075 0.0085 0.017293233082706767
