1 0.5456730769230769 0.35903614457831323 0.07211538461538461 0.09156626506024096
1 0.28365384615384615 0.3325301204819277 0.0673076923076923 0.09156626506024096
1 0.41466346153846156 0.42530120481927713 0.07451923076923077 0.07951807228915662
1 0.02403846153846154 0.3783132530120482 0.038461538461538464 0.03855421686746988
1 0.2536057692307692 0.3144578313253012 0.04567307692307692 0.06506024096385542
1 0.7932692307692307 0.2710843373493976 0.038461538461538464 0.04578313253012048
1 0.546875 0.010843373493975903 0.07451923076923077 0.021686746987951807
1 0.2848557692307692 0.024096385542168676 0.06971153846153846 0.04819277108433735
1 0.25240384615384615 0.02650602409638554 0.04807692307692308 0.05301204819277108
1 0.7932692307692307 0.06385542168674699 0.038461538461538464 0.04578313253012048
