1 0.13828125 0.4718969555035129 0.0578125 0.10070257611241218
1 0.2578125 0.46955503512880564 0.01875 0.04449648711943794
1 0.271875 0.47306791569086654 0.01875 0.0468384074941452
1 0.2875 0.4672131147540984 0.01875 0.04449648711943794
1 0.3125 0.4637002341920375 0.028125 0.05620608899297424
1 0.403125 0.4601873536299766 0.021875 0.053864168618266976
1 0.4734375 0.46252927400468385 0.0375 0.07259953161592506
1 0.6046875 0.44730679156908665 0.03125 0.07494145199063232
1 0.58203125 0.4672131147540984 0.0203125 0.053864168618266976
1 0.496875 0.468384074941452 0.021875 0.05620608899297424
1 0.6703125 0.4613583138173302 0.01875 0.03747072599531616
1 0.70234375 0.4531615925058548 0.0390625 0.08665105386416862
1 0.73828125 0.4918032786885246 0.0515625 0.0936768149882904
1 0.80234375 0.47540983606557374 0.0484375 0.0936768149882904
1 0.8296875 0.4566744730679157 0.021875 0.0702576112412178
1 0.90390625 0.44730679156908665 0.0265625 0.0702576112412178
1 0.940625 0.4812646370023419 0.025 0.053864168618266976
1 0.984375 0.468384074941452 0.03125 0.07494145199063232
1 0.865625 0.47892271662763464 0.065625 0.11007025761124122
1 0.6328125 0.46955503512880564 0.05 0.08665105386416862
1 0.553125 0.47540983606557374 0.04375 0.07494145199063232
1 0.4265625 0.46604215456674475 0.0375 0.07962529274004684
1 0.36953125 0.4566744730679157 0.0296875 0.06088992974238876
1 0.33984375 0.4566744730679157 0.0328125 0.06557377049180328
