0 0.11778846153846154 0.5829326923076923 0.15384615384615385 0.18028846153846154
0 0.4170673076923077 0.6346153846153846 0.18509615384615385 0.20673076923076922
0 0.028846153846153848 0.45072115384615385 0.052884615384615384 0.10817307692307693
0 0.027644230769230768 0.38221153846153844 0.05048076923076923 0.08173076923076923
0 0.15865384615384615 0.3798076923076923 0.07692307692307693 0.07692307692307693
0 0.3004807692307692 0.3641826923076923 0.0625 0.07451923076923077
0 0.5769230769230769 0.4050480769230769 0.0673076923076923 0.0889423076923077
0 0.7175480769230769 0.40625 0.08413461538461539 0.10576923076923077
0 0.8545673076923077 0.5877403846153846 0.17548076923076922 0.17548076923076922
0 0.9038461538461539 0.4567307692307692 0.11057692307692307 0.125
