1 0.2512019230769231 0.26802884615384615 0.17548076923076922 0.18509615384615385
1 0.6586538461538461 0.22716346153846154 0.0625 0.10336538461538461
1 0.41346153846153844 0.21875 0.057692307692307696 0.07211538461538461
1 0.4795673076923077 0.21995192307692307 0.036057692307692304 0.06009615384615385
1 0.7620192307692307 0.2439903846153846 0.08173076923076923 0.12740384615384615
0 0.3581730769230769 0.28846153846153844 0.07692307692307693 0.125
0 0.43509615384615385 0.3125 0.0673076923076923 0.09615384615384616
0 0.5300480769230769 0.22115384615384615 0.03125 0.04326923076923077
0 0.5913461538461539 0.23076923076923078 0.04807692307692308 0.057692307692307696
0 0.8521634615384616 0.265625 0.2091346153846154 0.19471153846153846
1 0.25 0.07932692307692307 0.1778846153846154 0.15865384615384615
1 0.6586538461538461 0.10697115384615384 0.0625 0.10336538461538461
1 0.41346153846153844 0.11298076923076923 0.057692307692307696 0.07211538461538461
1 0.4795673076923077 0.1141826923076923 0.036057692307692304 0.06009615384615385
1 0.7620192307692307 0.09014423076923077 0.08173076923076923 0.12740384615384615
0 0.359375 0.054086538461538464 0.07932692307692307 0.10817307692307693
0 0.4362980769230769 0.03485576923076923 0.06971153846153846 0.06971153846153846
0 0.5300480769230769 0.11057692307692307 0.03125 0.04326923076923077
0 0.5913461538461539 0.10096153846153846 0.04807692307692308 0.057692307692307696
0 0.8509615384615384 0.0829326923076923 0.21153846153846154 0.1658653846153846
