0 0.8569711538461539 0.42908653846153844 0.09375 0.10817307692307693
0 0.6598557692307693 0.3858173076923077 0.06009615384615385 0.07451923076923077
0 0.9699519230769231 0.3954326923076923 0.04567307692307692 0.07932692307692307
0 0.7848557692307693 0.36658653846153844 0.04567307692307692 0.06490384615384616
0 0.27283653846153844 0.3762019230769231 0.04567307692307692 0.055288461538461536
0 0.35216346153846156 0.38822115384615385 0.040865384615384616 0.04567307692307692
0 0.40024038461538464 0.3701923076923077 0.040865384615384616 0.057692307692307696
0 0.484375 0.3629807692307692 0.04567307692307692 0.057692307692307696
0 0.5733173076923077 0.359375 0.04567307692307692 0.055288461538461536
0 0.9567307692307693 0.3762019230769231 0.04807692307692308 0.05048076923076923
