0 0.16171875 0.5070821529745042 0.0703125 0.17563739376770537
0 0.21640625 0.5056657223796034 0.0796875 0.16147308781869688
0 0.50625 0.56657223796034 0.09375 0.23229461756373937
0 0.6203125 0.5254957507082153 0.10625 0.23512747875354106
0 0.7375 0.3696883852691218 0.059375 0.1501416430594901
0 0.91796875 0.41359773371104813 0.0734375 0.1813031161473088
0 0.78671875 0.26628895184135976 0.0390625 0.07932011331444759
0 0.9859375 0.22521246458923513 0.028125 0.0708215297450425
0 0.93828125 0.2719546742209632 0.0421875 0.0906515580736544
0 0.715625 0.29745042492917845 0.040625 0.08498583569405099
0 0.69453125 0.2776203966005666 0.0390625 0.10198300283286119
0 0.6171875 0.29603399433427763 0.046875 0.09348441926345609
0 0.54296875 0.3371104815864023 0.0421875 0.0906515580736544
0 0.396875 0.32011331444759206 0.05625 0.12464589235127478
0 0.475 0.24079320113314448 0.034375 0.0679886685552408
0 0.3640625 0.2719546742209632 0.028125 0.0679886685552408
0 0.31484375 0.2535410764872521 0.0296875 0.0764872521246459
0 0.3359375 0.22521246458923513 0.03125 0.06515580736543909
0 0.3578125 0.19688385269121814 0.028125 0.06515580736543909
0 0.31171875 0.17422096317280453 0.0296875 0.04815864022662889
0 0.20546875 0.29745042492917845 0.0453125 0.07932011331444759
0 0.20703125 0.22946175637393768 0.0421875 0.06232294617563739
0 0.1453125 0.2747875354107649 0.040625 0.08498583569405099
0 0.06796875 0.2776203966005666 0.0453125 0.0679886685552408
0 0.015625 0.26628895184135976 0.028125 0.08498583569405099
