1 0.5649038461538461 0.4493975903614458 0.08173076923076923 0.11325301204819277
1 0.40865384615384615 0.35542168674698793 0.04807692307692308 0.060240963855421686
1 0.30528846153846156 0.42771084337349397 0.03365384615384615 0.04096385542168675
1 0.27524038461538464 0.4072289156626506 0.026442307692307692 0.033734939759036145
1 0.171875 0.3228915662650602 0.026442307692307692 0.033734939759036145
1 0.04447115384615385 0.344578313253012 0.021634615384615384 0.033734939759036145
1 0.25961538461538464 0.3240963855421687 0.019230769230769232 0.03132530120481928
1 0.375 0.327710843373494 0.038461538461538464 0.04819277108433735
1 0.6959134615384616 0.3204819277108434 0.016826923076923076 0.02891566265060241
1 0.8125 0.3036144578313253 0.02403846153846154 0.03855421686746988
1 0.17067307692307693 0.004819277108433735 0.028846153846153848 0.00963855421686747
1 0.2608173076923077 0.0036144578313253013 0.021634615384615384 0.007228915662650603
1 0.3762019230769231 0.006024096385542169 0.040865384615384616 0.012048192771084338
1 0.6947115384615384 0.004819277108433735 0.019230769230769232 0.00963855421686747
1 0.8137019230769231 0.01566265060240964 0.026442307692307692 0.03132530120481928
