1 0.8377403846153846 0.41927710843373495 0.07932692307692307 0.09156626506024096
1 0.1971153846153846 0.40240963855421685 0.07692307692307693 0.0963855421686747
1 0.40865384615384615 0.4036144578313253 0.057692307692307696 0.07951807228915662
1 0.5889423076923077 0.39759036144578314 0.07692307692307693 0.09156626506024096
1 0.7307692307692307 0.42771084337349397 0.057692307692307696 0.06987951807228916
1 0.03365384615384615 0.40843373493975904 0.0673076923076923 0.12771084337349398
1 0.5132211538461539 0.42891566265060244 0.055288461538461536 0.06746987951807229
1 0.9675480769230769 0.44819277108433736 0.05048076923076923 0.05783132530120482
1 0.4723557692307692 0.42168674698795183 0.040865384615384616 0.06746987951807229
1 0.6790865384615384 0.44457831325301206 0.04567307692307692 0.060240963855421686
1 0.7776442307692307 0.4469879518072289 0.05048076923076923 0.060240963855421686
1 0.6298076923076923 0.43855421686746987 0.03365384615384615 0.05301204819277108
