1 0.125 0.2956730769230769 0.12980769230769232 0.16826923076923078
1 0.2283653846153846 0.32572115384615385 0.08173076923076923 0.10336538461538461
1 0.040865384615384616 0.28846153846153844 0.07692307692307693 0.125
0 0.5685096153846154 0.3076923076923077 0.13701923076923078 0.15384615384615385
0 0.6850961538461539 0.2536057692307692 0.11057692307692307 0.12740384615384615
0 0.8485576923076923 0.3557692307692308 0.057692307692307696 0.08173076923076923
0 0.8954326923076923 0.3557692307692308 0.04567307692307692 0.057692307692307696
0 0.9711538461538461 0.32211538461538464 0.04807692307692308 0.10576923076923077
1 0.12620192307692307 0.078125 0.13221153846153846 0.15625
1 0.22956730769230768 0.046875 0.08413461538461539 0.09375
1 0.040865384615384616 0.07692307692307693 0.07692307692307693 0.125
0 0.5673076923076923 0.06850961538461539 0.13942307692307693 0.13701923076923078
0 0.6850961538461539 0.1141826923076923 0.11057692307692307 0.12740384615384615
0 0.8497596153846154 0.026442307692307692 0.06009615384615385 0.052884615384615384
0 0.8942307692307693 0.020432692307692308 0.04807692307692308 0.040865384615384616
0 0.9723557692307693 0.04927884615384615 0.05048076923076923 0.0985576923076923
