0 0.020526315789473684 0.4178515007898894 0.024210526315789474 0.045813586097946286
0 0.11947368421052632 0.42022116903633494 0.028421052631578948 0.04739336492890995
0 0.18842105263157893 0.44075829383886256 0.02526315789473684 0.044233807266982623
0 0.21789473684210525 0.4439178515007899 0.02736842105263158 0.05055292259083728
0 0.24105263157894738 0.4391785150078989 0.023157894736842106 0.03475513428120063
0 0.2968421052631579 0.43285939968404424 0.029473684210526315 0.04739336492890995
0 0.33 0.45813586097946285 0.03684210526315789 0.06951026856240126
0 0.3873684210526316 0.4960505529225908 0.021052631578947368 0.06003159557661927
0 0.40789473684210525 0.48657187993680884 0.03894736842105263 0.08530805687203792
0 0.3815789473684211 0.353870458135861 0.017894736842105262 0.03475513428120063
0 0.3431578947368421 0.38467614533965244 0.014736842105263158 0.023696682464454975
1 0.3352631578947368 0.4099526066350711 0.02631578947368421 0.030015797788309637
1 0.37315789473684213 0.42575039494470773 0.03263157894736842 0.05529225908372828
1 0.42947368421052634 0.4107424960505529 0.021052631578947368 0.04107424960505529
0 0.51 0.3854660347551343 0.011578947368421053 0.018957345971563982
0 0.533157894736842 0.3862559241706161 0.011578947368421053 0.023696682464454975
0 0.4705263157894737 0.42101105845181674 0.018947368421052633 0.03317535545023697
0 0.4626315789473684 0.47235387045813587 0.030526315789473683 0.06003159557661927
0 0.4936842105263158 0.4684044233807267 0.035789473684210524 0.06477093206951026
0 0.4463157894736842 0.3854660347551343 0.008421052631578947 0.018957345971563982
0 0.46157894736842103 0.3886255924170616 0.011578947368421053 0.018957345971563982
0 0.5821052631578948 0.3578199052132701 0.01263157894736842 0.023696682464454975
0 0.6052631578947368 0.3949447077409163 0.01263157894736842 0.022116903633491312
0 0.5731578947368421 0.5466034755134281 0.06 0.10110584518167456
0 0.6389473684210526 0.4273301737756714 0.016842105263157894 0.03949447077409163
0 0.6526315789473685 0.3902053712480253 0.01263157894736842 0.022116903633491312
0 0.6668421052631579 0.3862559241706161 0.02 0.030015797788309637
0 0.7131578947368421 0.3886255924170616 0.01368421052631579 0.02527646129541864
0 0.71 0.4344391785150079 0.015789473684210527 0.02843601895734597
0 0.7305263157894737 0.41232227488151657 0.014736842105263158 0.02843601895734597
0 0.6778947368421052 0.5292259083728278 0.023157894736842106 0.044233807266982623
0 0.7015789473684211 0.5126382306477093 0.02631578947368421 0.04897314375987362
0 0.7652631578947369 0.4296998420221169 0.018947368421052633 0.02843601895734597
0 0.7810526315789473 0.4218009478672986 0.016842105263157894 0.02843601895734597
0 0.7263157894736842 0.4968404423380727 0.023157894736842106 0.030015797788309637
0 0.7789473684210526 0.5821484992101106 0.08421052631578947 0.1406003159557662
0 0.7789473684210526 0.4960505529225908 0.018947368421052633 0.02843601895734597
0 0.8315789473684211 0.48183254344391785 0.021052631578947368 0.0315955766192733
0 0.8173684210526316 0.3791469194312796 0.01368421052631579 0.02527646129541864
0 0.7573684210526316 0.2646129541864139 0.011578947368421053 0.020537124802527645
0 0.7684210526315789 0.29462875197472355 0.01263157894736842 0.023696682464454975
0 0.8357894736842105 0.2914691943127962 0.01263157894736842 0.020537124802527645
0 0.8457894736842105 0.3902053712480253 0.02 0.0315955766192733
0 0.8810526315789474 0.3941548183254344 0.018947368421052633 0.036334913112164295
0 0.9394736842105263 0.3815165876777251 0.017894736842105262 0.030015797788309637
