1 0.453125 0.5456730769230769 0.0985576923076923 0.09615384615384616
1 0.6262019230769231 0.29927884615384615 0.11298076923076923 0.11778846153846154
1 0.6838942307692307 0.2512019230769231 0.06009615384615385 0.06971153846153846
1 0.3485576923076923 0.4651442307692308 0.08173076923076923 0.08413461538461539
1 0.4831730769230769 0.2512019230769231 0.052884615384615384 0.06971153846153846
1 0.3269230769230769 0.515625 0.09615384615384616 0.0889423076923077
0 0.21153846153846154 0.33653846153846156 0.07211538461538461 0.08653846153846154
0 0.5180288461538461 0.3137019230769231 0.06490384615384616 0.07932692307692307
0 0.7632211538461539 0.24639423076923078 0.06971153846153846 0.09375
0 0.5432692307692307 0.26322115384615385 0.04807692307692308 0.05048076923076923
0 0.9146634615384616 0.19591346153846154 0.04567307692307692 0.04567307692307692
1 0.625 0.037259615384615384 0.11538461538461539 0.07451923076923077
1 0.6838942307692307 0.06370192307692307 0.06009615384615385 0.06971153846153846
1 0.4831730769230769 0.06370192307692307 0.052884615384615384 0.06971153846153846
0 0.2127403846153846 0.010817307692307692 0.07451923076923077 0.021634615384615384
0 0.5168269230769231 0.020432692307692308 0.0673076923076923 0.040865384615384616
0 0.7632211538461539 0.06850961538461539 0.06971153846153846 0.09375
0 0.5432692307692307 0.051682692307692304 0.04807692307692308 0.05048076923076923
0 0.9146634615384616 0.11899038461538461 0.04567307692307692 0.04567307692307692
