1 0.31490384615384615 0.3927710843373494 0.04326923076923077 0.05783132530120482
1 0.8341346153846154 0.3602409638554217 0.10576923076923077 0.14216867469879518
1 0.49278846153846156 0.3819277108433735 0.04326923076923077 0.05060240963855422
1 0.5853365384615384 0.3602409638554217 0.07932692307692307 0.10361445783132531
1 0.53125 0.3686746987951807 0.04807692307692308 0.07228915662650602
1 0.6862980769230769 0.39759036144578314 0.07932692307692307 0.07710843373493977
1 0.9338942307692307 0.3783132530120482 0.05048076923076923 0.06265060240963856
1 0.8954326923076923 0.38674698795180723 0.04567307692307692 0.06506024096385542
0 0.37259615384615385 0.38072289156626504 0.057692307692307696 0.07710843373493977
1 0.8353365384615384 0.02289156626506024 0.10817307692307693 0.04578313253012048
1 0.5841346153846154 0.01325301204819277 0.08173076923076923 0.02650602409638554
