1 0.18071428571428572 0.29333333333333333 0.08714285714285715 0.13333333333333333
1 0.6242857142857143 0.29428571428571426 0.07428571428571429 0.14285714285714285
1 0.7614285714285715 0.32571428571428573 0.1 0.14857142857142858
1 0.8307142857142857 0.3019047619047619 0.032857142857142856 0.05523809523809524
1 0.8935714285714286 0.29428571428571426 0.041428571428571426 0.05904761904761905
1 0.9178571428571428 0.32857142857142857 0.05285714285714286 0.08571428571428572
1 0.9864285714285714 0.29904761904761906 0.027142857142857142 0.11047619047619048
1 0.4035714285714286 0.32571428571428573 0.01 0.01904761904761905
1 0.3707142857142857 0.3295238095238095 0.01 0.015238095238095238
1 0.3392857142857143 0.32761904761904764 0.01 0.015238095238095238
1 0.3 0.3314285714285714 0.014285714285714285 0.01904761904761905
1 0.24642857142857144 0.3057142857142857 0.01 0.017142857142857144
1 0.11214285714285714 0.26666666666666666 0.012857142857142857 0.01904761904761905
1 0.10785714285714286 0.31523809523809526 0.012857142857142857 0.017142857142857144
1 0.07071428571428572 0.3171428571428571 0.01 0.017142857142857144
1 0.5657142857142857 0.3323809523809524 0.008571428571428572 0.013333333333333334
1 0.2892857142857143 0.3142857142857143 0.01 0.015238095238095238
