1 0.036057692307692304 0.37740384615384615 0.0625 0.08173076923076923
1 0.10096153846153846 0.3701923076923077 0.07211538461538461 0.08653846153846154
1 0.8641826923076923 0.3798076923076923 0.06009615384615385 0.0673076923076923
0 0.78125 0.3389423076923077 0.11538461538461539 0.125
0 0.47716346153846156 0.3798076923076923 0.0889423076923077 0.10576923076923077
0 0.20673076923076922 0.31971153846153844 0.10096153846153846 0.1201923076923077
0 0.37740384615384615 0.36177884615384615 0.07692307692307693 0.0889423076923077
0 0.5901442307692307 0.41346153846153844 0.06009615384615385 0.07211538461538461
0 0.7235576923076923 0.4266826923076923 0.0625 0.08413461538461539
1 0.33533653846153844 0.3894230769230769 0.055288461538461536 0.08173076923076923
