1 0.33653846153846156 0.572289156626506 0.057692307692307696 0.0746987951807229
1 0.5576923076923077 0.26506024096385544 0.0625 0.06265060240963856
0 0.6862980769230769 0.22048192771084338 0.06971153846153846 0.08433734939759036
0 0.6454326923076923 0.25542168674698795 0.09375 0.10120481927710843
0 0.7427884615384616 0.25662650602409637 0.07692307692307693 0.08433734939759036
0 0.7920673076923077 0.2 0.06490384615384616 0.06265060240963856
0 0.875 0.21807228915662652 0.057692307692307696 0.0891566265060241
0 0.9423076923076923 0.19759036144578312 0.09134615384615384 0.05783132530120482
1 0.5576923076923077 0.06746987951807229 0.0625 0.06265060240963856
0 0.6862980769230769 0.1144578313253012 0.06971153846153846 0.08433734939759036
0 0.6454326923076923 0.07710843373493977 0.09375 0.10120481927710843
0 0.7427884615384616 0.0783132530120482 0.07692307692307693 0.08433734939759036
0 0.7920673076923077 0.13253012048192772 0.06490384615384616 0.06265060240963856
0 0.875 0.11686746987951807 0.057692307692307696 0.0891566265060241
0 0.9423076923076923 0.13493975903614458 0.09134615384615384 0.05783132530120482
