1 0.7915178571428572 0.9607142857142857 0.015178571428571428 0.027142857142857142
1 0.78125 0.92 0.01607142857142857 0.025714285714285714
1 0.7705357142857143 0.88 0.0125 0.022857142857142857
1 0.7522321428571429 0.84 0.011607142857142858 0.022857142857142857
1 0.7553571428571428 0.9528571428571428 0.0125 0.025714285714285714
1 0.7267857142857143 0.7692857142857142 0.0125 0.02142857142857143
1 0.6352678571428572 0.8392857142857143 0.013392857142857142 0.024285714285714285
1 0.6147321428571428 0.9178571428571428 0.015178571428571428 0.024285714285714285
1 0.5839285714285715 0.96 0.0125 0.025714285714285714
1 0.6638392857142857 0.775 0.011607142857142858 0.02142857142857143
1 0.6450892857142857 0.7757142857142857 0.011607142857142858 0.022857142857142857
0 0.7361607142857143 0.8107142857142857 0.011607142857142858 0.015714285714285715
0 0.7183035714285714 0.8421428571428572 0.011607142857142858 0.018571428571428572
0 0.7075892857142857 0.8042857142857143 0.011607142857142858 0.02
0 0.6848214285714286 0.8078571428571428 0.010714285714285714 0.02142857142857143
0 0.6629464285714286 0.8414285714285714 0.011607142857142858 0.02
0 0.6558035714285714 0.8078571428571428 0.011607142857142858 0.018571428571428572
0 0.6383928571428571 0.8742857142857143 0.0125 0.022857142857142857
1 0.6727678571428571 0.8771428571428571 0.015178571428571428 0.02857142857142857
1 0.6995535714285714 0.88 0.013392857142857142 0.02857142857142857
1 0.6794642857142857 0.9214285714285714 0.01607142857142857 0.025714285714285714
1 0.653125 0.9235714285714286 0.013392857142857142 0.027142857142857142
0 0.6883928571428571 0.9621428571428572 0.014285714285714285 0.024285714285714285
1 0.6504464285714285 0.9585714285714285 0.015178571428571428 0.025714285714285714
1 0.6924107142857143 0.7671428571428571 0.011607142857142858 0.022857142857142857
0 0.5763392857142857 0.9192857142857143 0.011607142857142858 0.024285714285714285
0 0.5513392857142857 0.9221428571428572 0.013392857142857142 0.02142857142857143
1 0.5375 0.9564285714285714 0.014285714285714285 0.027142857142857142
1 0.54375 0.8785714285714286 0.0125 0.022857142857142857
0 0.5785714285714286 0.845 0.0125 0.02142857142857143
0 0.6022321428571429 0.8457142857142858 0.011607142857142858 0.022857142857142857
1 0.590625 0.81 0.013392857142857142 0.017142857142857144
0 0.5691964285714286 0.8142857142857143 0.011607142857142858 0.02
1 0.5330357142857143 0.8471428571428572 0.0125 0.022857142857142857
0 0.5330357142857143 0.8107142857142857 0.0125 0.018571428571428572
0 0.5598214285714286 0.7785714285714286 0.010714285714285714 0.02
1 0.5879464285714285 0.78 0.011607142857142858 0.022857142857142857
1 0.696875 0.7378571428571429 0.011607142857142858 0.02142857142857143
1 0.6857142857142857 0.7392857142857143 0.010714285714285714 0.018571428571428572
1 0.5825892857142857 0.7421428571428571 0.011607142857142858 0.02142857142857143
1 0.5272321428571428 0.7792857142857142 0.011607142857142858 0.02142857142857143
1 0.5272321428571428 0.745 0.011607142857142858 0.018571428571428572
1 0.5571428571428572 0.735 0.010714285714285714 0.02142857142857143
1 0.6089285714285714 0.7492857142857143 0.010714285714285714 0.02142857142857143
1 0.634375 0.7421428571428571 0.011607142857142858 0.02142857142857143
1 0.6602678571428572 0.7385714285714285 0.011607142857142858 0.02
1 0.6334821428571429 0.7085714285714285 0.009821428571428571 0.017142857142857144
1 0.6834821428571428 0.7114285714285714 0.011607142857142858 0.02
1 0.703125 0.7078571428571429 0.013392857142857142 0.024285714285714285
1 0.6950892857142857 0.685 0.009821428571428571 0.018571428571428572
1 0.6660714285714285 0.6878571428571428 0.010714285714285714 0.018571428571428572
1 0.6660714285714285 0.6692857142857143 0.010714285714285714 0.018571428571428572
1 0.640625 0.67 0.009821428571428571 0.017142857142857144
1 0.6017857142857143 0.7078571428571429 0.010714285714285714 0.018571428571428572
1 0.5995535714285715 0.6914285714285714 0.009821428571428571 0.014285714285714285
1 0.5741071428571428 0.67 0.0125 0.02
1 0.553125 0.6935714285714286 0.009821428571428571 0.018571428571428572
1 0.5741071428571428 0.6957142857142857 0.010714285714285714 0.017142857142857144
0 0.5763392857142857 0.7092857142857143 0.009821428571428571 0.018571428571428572
1 0.5276785714285714 0.6978571428571428 0.010714285714285714 0.018571428571428572
1 0.5491071428571429 0.6721428571428572 0.010714285714285714 0.015714285714285715
1 0.5959821428571429 0.6528571428571428 0.009821428571428571 0.017142857142857144
1 0.5772321428571429 0.65 0.009821428571428571 0.017142857142857144
1 0.5700892857142857 0.635 0.009821428571428571 0.015714285714285715
1 0.5450892857142857 0.6521428571428571 0.011607142857142858 0.018571428571428572
1 0.6178571428571429 0.6535714285714286 0.010714285714285714 0.015714285714285715
1 0.6223214285714286 0.6692857142857143 0.010714285714285714 0.018571428571428572
1 0.6892857142857143 0.6685714285714286 0.010714285714285714 0.017142857142857144
0 0.6839285714285714 0.6507142857142857 0.008928571428571428 0.015714285714285715
0 0.6638392857142857 0.6485714285714286 0.009821428571428571 0.017142857142857144
0 0.6410714285714286 0.6514285714285715 0.008928571428571428 0.014285714285714285
1 0.6348214285714285 0.6335714285714286 0.010714285714285714 0.018571428571428572
1 0.6441964285714286 0.6914285714285714 0.011607142857142858 0.017142857142857144
1 0.6473214285714286 0.7071428571428572 0.010714285714285714 0.02
0 0.5276785714285714 0.7207142857142858 0.010714285714285714 0.02142857142857143
1 0.5245535714285714 0.6671428571428571 0.009821428571428571 0.017142857142857144
0 0.5209821428571428 0.6328571428571429 0.009821428571428571 0.014285714285714285
0 0.5232142857142857 0.6121428571428571 0.008928571428571428 0.015714285714285715
0 0.5428571428571428 0.6157142857142858 0.008928571428571428 0.014285714285714285
1 0.5928571428571429 0.6335714285714286 0.008928571428571428 0.015714285714285715
1 0.6133928571428572 0.6292857142857143 0.008928571428571428 0.015714285714285715
1 0.6084821428571429 0.6107142857142858 0.008035714285714285 0.015714285714285715
1 0.6299107142857143 0.6078571428571429 0.009821428571428571 0.018571428571428572
1 0.646875 0.61 0.009821428571428571 0.017142857142857144
1 0.6727678571428571 0.6078571428571429 0.009821428571428571 0.015714285714285715
1 0.6808035714285714 0.625 0.009821428571428571 0.018571428571428572
1 0.6544642857142857 0.6314285714285715 0.008928571428571428 0.017142857142857144
1 0.6245535714285714 0.5857142857142857 0.008035714285714285 0.014285714285714285
1 0.5861607142857143 0.5892857142857143 0.008035714285714285 0.015714285714285715
1 0.565625 0.61 0.009821428571428571 0.017142857142857144
1 0.5642857142857143 0.5907142857142857 0.008928571428571428 0.015714285714285715
1 0.5424107142857143 0.5892857142857143 0.009821428571428571 0.015714285714285715
0 0.5241071428571429 0.5757142857142857 0.007142857142857143 0.014285714285714285
1 0.6598214285714286 0.5714285714285714 0.008928571428571428 0.017142857142857144
0 0.6022321428571429 0.5921428571428572 0.008035714285714285 0.015714285714285715
0 0.6477678571428571 0.5864285714285714 0.008035714285714285 0.015714285714285715
0 0.6616071428571428 0.5921428571428572 0.008928571428571428 0.015714285714285715
1 0.5816964285714286 0.5764285714285714 0.009821428571428571 0.015714285714285715
1 0.6013392857142857 0.5764285714285714 0.009821428571428571 0.015714285714285715
1 0.61875 0.555 0.008928571428571428 0.015714285714285715
1 0.5803571428571429 0.5585714285714286 0.008928571428571428 0.014285714285714285
1 0.6508928571428572 0.5435714285714286 0.007142857142857143 0.015714285714285715
1 0.6299107142857143 0.5435714285714286 0.008035714285714285 0.015714285714285715
1 0.6495535714285714 0.5292857142857142 0.008035714285714285 0.015714285714285715
1 0.63125 0.5292857142857142 0.007142857142857143 0.012857142857142857
1 0.6133928571428572 0.5428571428571428 0.008928571428571428 0.014285714285714285
1 0.6116071428571429 0.5307142857142857 0.008928571428571428 0.012857142857142857
0 0.5928571428571429 0.56 0.008928571428571428 0.014285714285714285
1 0.6419642857142858 0.5764285714285714 0.008928571428571428 0.015714285714285715
1 0.5464285714285714 0.5735714285714286 0.008928571428571428 0.015714285714285715
1 0.5388392857142857 0.5407142857142857 0.009821428571428571 0.015714285714285715
1 0.5178571428571429 0.5457142857142857 0.008928571428571428 0.014285714285714285
1 0.575 0.5328571428571428 0.008928571428571428 0.014285714285714285
1 0.5580357142857143 0.5278571428571428 0.008928571428571428 0.015714285714285715
1 0.5928571428571429 0.5314285714285715 0.007142857142857143 0.014285714285714285
0 0.6383928571428571 0.505 0.008928571428571428 0.015714285714285715
0 0.6263392857142858 0.4764285714285714 0.008035714285714285 0.012857142857142857
0 0.6303571428571428 0.48928571428571427 0.007142857142857143 0.012857142857142857
1 0.6200892857142857 0.5042857142857143 0.008035714285714285 0.014285714285714285
1 0.6111607142857143 0.48928571428571427 0.00625 0.012857142857142857
1 0.6071428571428571 0.475 0.008928571428571428 0.015714285714285715
1 0.5714285714285714 0.47714285714285715 0.007142857142857143 0.014285714285714285
0 0.575 0.49214285714285716 0.008928571428571428 0.015714285714285715
1 0.5892857142857143 0.505 0.007142857142857143 0.012857142857142857
1 0.553125 0.5064285714285715 0.008035714285714285 0.015714285714285715
1 0.5361607142857143 0.5192857142857142 0.008035714285714285 0.015714285714285715
1 0.5191964285714286 0.5185714285714286 0.008035714285714285 0.014285714285714285
1 0.5214285714285715 0.48857142857142855 0.007142857142857143 0.014285714285714285
1 0.5196428571428572 0.47785714285714287 0.007142857142857143 0.012857142857142857
0 0.5352678571428572 0.47714285714285715 0.008035714285714285 0.014285714285714285
1 0.5361607142857143 0.49142857142857144 0.008035714285714285 0.014285714285714285
0 0.5544642857142857 0.48928571428571427 0.007142857142857143 0.012857142857142857
0 0.5946428571428571 0.4878571428571429 0.007142857142857143 0.012857142857142857
1 0.5602678571428571 0.5457142857142857 0.008035714285714285 0.014285714285714285
0 0.6066964285714286 0.5064285714285715 0.008035714285714285 0.012857142857142857
1 0.5879464285714285 0.5207142857142857 0.008035714285714285 0.012857142857142857
1 0.4785714285714286 0.47285714285714286 0.007142857142857143 0.014285714285714285
1 0.4544642857142857 0.4785714285714286 0.007142857142857143 0.014285714285714285
1 0.4388392857142857 0.4828571428571429 0.008035714285714285 0.014285714285714285
1 0.4517857142857143 0.48928571428571427 0.007142857142857143 0.012857142857142857
1 0.43526785714285715 0.4928571428571429 0.008035714285714285 0.014285714285714285
1 0.4191964285714286 0.4942857142857143 0.008035714285714285 0.014285714285714285
1 0.4049107142857143 0.49142857142857144 0.008035714285714285 0.014285714285714285
1 0.359375 0.4835714285714286 0.008035714285714285 0.015714285714285715
1 0.378125 0.48214285714285715 0.008035714285714285 0.012857142857142857
1 0.3848214285714286 0.4828571428571429 0.007142857142857143 0.014285714285714285
1 0.3892857142857143 0.49214285714285716 0.007142857142857143 0.015714285714285715
0 0.37142857142857144 0.49357142857142855 0.007142857142857143 0.012857142857142857
0 0.353125 0.49357142857142855 0.00625 0.012857142857142857
1 0.36830357142857145 0.51 0.008035714285714285 0.014285714285714285
1 0.40267857142857144 0.5071428571428571 0.007142857142857143 0.014285714285714285
1 0.4513392857142857 0.5207142857142857 0.008035714285714285 0.012857142857142857
1 0.45267857142857143 0.5314285714285715 0.007142857142857143 0.011428571428571429
1 0.4392857142857143 0.5164285714285715 0.007142857142857143 0.012857142857142857
1 0.41964285714285715 0.5064285714285715 0.007142857142857143 0.012857142857142857
1 0.41785714285714287 0.5157142857142857 0.007142857142857143 0.011428571428571429
1 0.4160714285714286 0.5271428571428571 0.007142857142857143 0.014285714285714285
1 0.4517857142857143 0.5428571428571428 0.008928571428571428 0.014285714285714285
1 0.42857142857142855 0.5464285714285714 0.008928571428571428 0.015714285714285715
1 0.44955357142857144 0.56 0.008035714285714285 0.014285714285714285
1 0.4513392857142857 0.5728571428571428 0.008035714285714285 0.014285714285714285
1 0.4294642857142857 0.575 0.008928571428571428 0.015714285714285715
1 0.428125 0.5914285714285714 0.008035714285714285 0.014285714285714285
1 0.39598214285714284 0.5492857142857143 0.008035714285714285 0.015714285714285715
1 0.4120535714285714 0.5607142857142857 0.008035714285714285 0.012857142857142857
0 0.40982142857142856 0.5728571428571428 0.007142857142857143 0.011428571428571429
1 0.40669642857142857 0.59 0.008035714285714285 0.017142857142857144
1 0.4504464285714286 0.6121428571428571 0.008035714285714285 0.015714285714285715
1 0.43080357142857145 0.6128571428571429 0.008035714285714285 0.014285714285714285
1 0.4044642857142857 0.6107142857142858 0.008928571428571428 0.015714285714285715
1 0.3053571428571429 0.48 0.007142857142857143 0.014285714285714285
1 0.36026785714285714 0.5314285714285715 0.008035714285714285 0.014285714285714285
1 0.37901785714285713 0.5321428571428571 0.008035714285714285 0.015714285714285715
1 0.38169642857142855 0.5164285714285715 0.008035714285714285 0.015714285714285715
1 0.33169642857142856 0.5092857142857142 0.008035714285714285 0.012857142857142857
1 0.32901785714285714 0.52 0.008035714285714285 0.014285714285714285
1 0.325 0.5335714285714286 0.008928571428571428 0.015714285714285715
1 0.34419642857142857 0.5307142857142857 0.008035714285714285 0.015714285714285715
0 0.35714285714285715 0.5464285714285714 0.007142857142857143 0.012857142857142857
1 0.340625 0.5507142857142857 0.008035714285714285 0.012857142857142857
1 0.31919642857142855 0.5507142857142857 0.008035714285714285 0.012857142857142857
1 0.35580357142857144 0.5607142857142857 0.008035714285714285 0.015714285714285715
1 0.34776785714285713 0.5207142857142857 0.008035714285714285 0.012857142857142857
1 0.3736607142857143 0.5592857142857143 0.008035714285714285 0.012857142857142857
1 0.37008928571428573 0.5721428571428572 0.008035714285714285 0.015714285714285715
1 0.3638392857142857 0.59 0.008035714285714285 0.014285714285714285
1 0.35267857142857145 0.5764285714285714 0.008928571428571428 0.012857142857142857
1 0.3517857142857143 0.59 0.008928571428571428 0.017142857142857144
1 0.32767857142857143 0.5742857142857143 0.008928571428571428 0.014285714285714285
0 0.31294642857142857 0.5621428571428572 0.008035714285714285 0.015714285714285715
1 0.31026785714285715 0.5778571428571428 0.008035714285714285 0.015714285714285715
1 0.3040178571428571 0.5907142857142857 0.009821428571428571 0.015714285714285715
1 0.3169642857142857 0.6107142857142858 0.008928571428571428 0.015714285714285715
1 0.32589285714285715 0.5907142857142857 0.008928571428571428 0.015714285714285715
1 0.34330357142857143 0.6078571428571429 0.009821428571428571 0.015714285714285715
1 0.3535714285714286 0.6242857142857143 0.010714285714285714 0.017142857142857144
1 0.390625 0.5621428571428572 0.008035714285714285 0.012857142857142857
1 0.3875 0.5735714285714286 0.008928571428571428 0.015714285714285715
1 0.3830357142857143 0.615 0.008928571428571428 0.015714285714285715
0 0.3821428571428571 0.6342857142857142 0.007142857142857143 0.014285714285714285
1 0.3375 0.6271428571428571 0.008928571428571428 0.017142857142857144
1 0.29776785714285714 0.6121428571428571 0.009821428571428571 0.015714285714285715
1 0.2888392857142857 0.6214285714285714 0.009821428571428571 0.017142857142857144
1 0.30714285714285716 0.6264285714285714 0.008928571428571428 0.015714285714285715
1 0.30758928571428573 0.6414285714285715 0.011607142857142858 0.017142857142857144
1 0.28794642857142855 0.6407142857142857 0.011607142857142858 0.018571428571428572
1 0.3410714285714286 0.6578571428571428 0.010714285714285714 0.018571428571428572
1 0.428125 0.6364285714285715 0.009821428571428571 0.018571428571428572
1 0.453125 0.635 0.009821428571428571 0.018571428571428572
1 0.4392857142857143 0.6621428571428571 0.010714285714285714 0.018571428571428572
1 0.4200892857142857 0.6528571428571428 0.009821428571428571 0.017142857142857144
1 0.41785714285714287 0.6721428571428572 0.010714285714285714 0.015714285714285715
1 0.41517857142857145 0.6907142857142857 0.010714285714285714 0.018571428571428572
1 0.4357142857142857 0.6914285714285714 0.010714285714285714 0.017142857142857144
1 0.440625 0.7114285714285714 0.011607142857142858 0.02
1 0.43794642857142857 0.7385714285714285 0.013392857142857142 0.022857142857142857
1 0.4107142857142857 0.7371428571428571 0.0125 0.02
1 0.3848214285714286 0.74 0.010714285714285714 0.02
1 0.36473214285714284 0.6971428571428572 0.009821428571428571 0.017142857142857144
1 0.36339285714285713 0.7164285714285714 0.008928571428571428 0.018571428571428572
1 0.34375 0.6957142857142857 0.010714285714285714 0.02
0 0.4075892857142857 0.6278571428571429 0.009821428571428571 0.015714285714285715
0 0.39732142857142855 0.6492857142857142 0.008928571428571428 0.015714285714285715
0 0.37410714285714286 0.6514285714285715 0.008928571428571428 0.014285714285714285
0 0.3620535714285714 0.6521428571428571 0.009821428571428571 0.015714285714285715
0 0.37276785714285715 0.6721428571428572 0.009821428571428571 0.018571428571428572
0 0.35401785714285716 0.6728571428571428 0.009821428571428571 0.017142857142857144
0 0.3924107142857143 0.6971428571428572 0.011607142857142858 0.02
0 0.39107142857142857 0.6692857142857143 0.010714285714285714 0.018571428571428572
0 0.41160714285714284 0.7085714285714285 0.010714285714285714 0.017142857142857144
0 0.3892857142857143 0.7178571428571429 0.010714285714285714 0.018571428571428572
1 0.3339285714285714 0.72 0.0125 0.02
1 0.3308035714285714 0.7428571428571429 0.011607142857142858 0.02
1 0.359375 0.7435714285714285 0.011607142857142858 0.018571428571428572
1 0.34732142857142856 0.7721428571428571 0.0125 0.02142857142857143
1 0.3763392857142857 0.775 0.013392857142857142 0.02142857142857143
1 0.4075892857142857 0.7814285714285715 0.011607142857142858 0.02
1 0.3223214285714286 0.775 0.0125 0.02142857142857143
1 0.2950892857142857 0.7735714285714286 0.011607142857142858 0.018571428571428572
1 0.28660714285714284 0.6628571428571428 0.008928571428571428 0.017142857142857144
1 0.27633928571428573 0.6657142857142857 0.009821428571428571 0.017142857142857144
1 0.27053571428571427 0.6807142857142857 0.010714285714285714 0.018571428571428572
1 0.27098214285714284 0.7071428571428572 0.011607142857142858 0.02
1 0.2892857142857143 0.7178571428571429 0.010714285714285714 0.018571428571428572
0 0.29330357142857144 0.7007142857142857 0.009821428571428571 0.015714285714285715
0 0.30089285714285713 0.6628571428571428 0.010714285714285714 0.017142857142857144
0 0.3209821428571429 0.6621428571428571 0.009821428571428571 0.018571428571428572
0 0.28080357142857143 0.7492857142857143 0.009821428571428571 0.018571428571428572
1 0.2575892857142857 0.7285714285714285 0.009821428571428571 0.02
0 0.25 0.75 0.010714285714285714 0.02
1 0.23705357142857142 0.7778571428571428 0.009821428571428571 0.018571428571428572
1 0.2669642857142857 0.7778571428571428 0.010714285714285714 0.02142857142857143
1 0.2486607142857143 0.8114285714285714 0.013392857142857142 0.022857142857142857
1 0.22678571428571428 0.81 0.0125 0.02
1 0.21785714285714286 0.8378571428571429 0.0125 0.024285714285714285
1 0.2450892857142857 0.8442857142857143 0.011607142857142858 0.022857142857142857
1 0.26160714285714287 0.8742857142857143 0.014285714285714285 0.022857142857142857
1 0.28794642857142855 0.81 0.011607142857142858 0.02
1 0.2995535714285714 0.8364285714285714 0.011607142857142858 0.024285714285714285
1 0.34017857142857144 0.83 0.0125 0.022857142857142857
1 0.3299107142857143 0.8757142857142857 0.011607142857142858 0.025714285714285714
1 0.29464285714285715 0.8821428571428571 0.014285714285714285 0.024285714285714285
1 0.30223214285714284 0.915 0.013392857142857142 0.024285714285714285
1 0.22723214285714285 0.925 0.015178571428571428 0.024285714285714285
1 0.3933035714285714 0.8664285714285714 0.013392857142857142 0.024285714285714285
1 0.36026785714285714 0.9157142857142857 0.015178571428571428 0.025714285714285714
1 0.39285714285714285 0.9207142857142857 0.0125 0.024285714285714285
1 0.3080357142857143 0.9607142857142857 0.014285714285714285 0.027142857142857142
0 0.3209821428571429 0.9185714285714286 0.011607142857142858 0.022857142857142857
1 0.26160714285714287 0.9221428571428572 0.014285714285714285 0.027142857142857142
1 0.3455357142857143 0.9628571428571429 0.014285714285714285 0.02857142857142857
0 0.2799107142857143 0.96 0.015178571428571428 0.025714285714285714
0 0.20044642857142858 0.9171428571428571 0.013392857142857142 0.025714285714285714
0 0.21160714285714285 0.9628571428571429 0.014285714285714285 0.025714285714285714
1 0.2683035714285714 0.8328571428571429 0.013392857142857142 0.022857142857142857
1 0.31339285714285714 0.8128571428571428 0.0125 0.02
1 0.34732142857142856 0.8014285714285714 0.0125 0.022857142857142857
1 0.40669642857142857 0.8085714285714286 0.011607142857142858 0.02
0 0.40535714285714286 0.8378571428571429 0.0125 0.02142857142857143
0 0.3674107142857143 0.8371428571428572 0.009821428571428571 0.02
0 0.36339285714285713 0.8778571428571429 0.0125 0.024285714285714285
1 0.023660714285714285 0.8571428571428571 0.015178571428571428 0.025714285714285714
0 0.175 0.9592857142857143 0.0125 0.024285714285714285
1 0.4294642857142857 0.8078571428571428 0.010714285714285714 0.02142857142857143
1 0.440625 0.775 0.011607142857142858 0.018571428571428572
1 0.43080357142857145 0.8442857142857143 0.011607142857142858 0.022857142857142857
1 0.42678571428571427 0.8785714285714286 0.0125 0.025714285714285714
1 0.4232142857142857 0.9242857142857143 0.0125 0.025714285714285714
1 0.41830357142857144 0.9557142857142857 0.013392857142857142 0.025714285714285714
0 0.38660714285714287 0.9635714285714285 0.014285714285714285 0.024285714285714285
1 0.1575892857142857 0.9885714285714285 0.016964285714285713 0.022857142857142857
0 0.05133928571428571 0.8114285714285714 0.013392857142857142 0.022857142857142857
0 0.3357142857142857 0.67 0.008928571428571428 0.014285714285714285
0 0.2200892857142857 0.5035714285714286 0.008035714285714285 0.015714285714285715
1 0.27098214285714284 0.43 0.008035714285714285 0.014285714285714285
1 0.2598214285714286 0.42928571428571427 0.007142857142857143 0.012857142857142857
1 0.13169642857142858 0.44571428571428573 0.008035714285714285 0.014285714285714285
