0 0.1141826923076923 0.23317307692307693 0.13221153846153846 0.16346153846153846
1 0.18269230769230768 0.25721153846153844 0.07211538461538461 0.12980769230769232
1 0.3161057692307692 0.31850961538461536 0.14182692307692307 0.1658653846153846
1 0.4411057692307692 0.3076923076923077 0.0889423076923077 0.12980769230769232
1 0.5240384615384616 0.2860576923076923 0.057692307692307696 0.07692307692307693
1 0.6442307692307693 0.265625 0.07211538461538461 0.11778846153846154
0 0.7235576923076923 0.2800480769230769 0.1346153846153846 0.19951923076923078
0 0.828125 0.3137019230769231 0.06009615384615385 0.09375
0 0.9110576923076923 0.24639423076923078 0.16826923076923078 0.23798076923076922
0 0.11298076923076923 0.05048076923076923 0.1346153846153846 0.10096153846153846
1 0.18389423076923078 0.030048076923076924 0.07451923076923077 0.06009615384615385
1 0.6454326923076923 0.02283653846153846 0.07451923076923077 0.04567307692307692
0 0.7247596153846154 0.036057692307692304 0.13701923076923078 0.07211538461538461
0 0.9122596153846154 0.0625 0.17067307692307693 0.125
