0 0.019 0.30533333333333335 0.034 0.12
0 0.038 0.27066666666666667 0.04 0.08266666666666667
0 0.143 0.31733333333333336 0.09 0.13333333333333333
0 0.211 0.30666666666666664 0.046 0.064
0 0.296 0.2853333333333333 0.044 0.07466666666666667
0 0.353 0.2946666666666667 0.042 0.06666666666666667
0 0.421 0.28933333333333333 0.038 0.06666666666666667
0 0.516 0.30266666666666664 0.048 0.08266666666666667
0 0.573 0.32266666666666666 0.034 0.064
0 0.617 0.31066666666666665 0.046 0.08266666666666667
0 0.613 0.256 0.042 0.048
0 0.72 0.30666666666666664 0.04 0.07466666666666667
0 0.754 0.332 0.06 0.088
0 0.797 0.29733333333333334 0.038 0.06133333333333333
0 0.841 0.32 0.038 0.08
0 0.913 0.30266666666666664 0.078 0.136
