1 0.05889423076923077 0.29927884615384615 0.11778846153846154 0.17067307692307693
1 0.5805288461538461 0.32211538461538464 0.09375 0.11057692307692307
1 0.3076923076923077 0.3329326923076923 0.10096153846153846 0.12259615384615384
1 0.7704326923076923 0.2956730769230769 0.10336538461538461 0.1346153846153846
1 0.4266826923076923 0.32572115384615385 0.08413461538461539 0.11778846153846154
1 0.18028846153846154 0.34975961538461536 0.11538461538461539 0.13701923076923078
1 0.8822115384615384 0.3581730769230769 0.07692307692307693 0.1201923076923077
1 0.05889423076923077 0.06009615384615385 0.11778846153846154 0.1201923076923077
1 0.5793269230769231 0.03365384615384615 0.09615384615384616 0.0673076923076923
1 0.3088942307692308 0.03125 0.10336538461538461 0.0625
1 0.7692307692307693 0.052884615384615384 0.10576923076923077 0.10576923076923077
1 0.4254807692307692 0.03365384615384615 0.08653846153846154 0.0673076923076923
1 0.1814903846153846 0.026442307692307692 0.11778846153846154 0.052884615384615384
1 0.8834134615384616 0.018028846153846152 0.07932692307692307 0.036057692307692304
