1 0.31490384615384615 0.4519230769230769 0.057692307692307696 0.052884615384615384
1 0.22115384615384615 0.4543269230769231 0.052884615384615384 0.0625
0 0.2644230769230769 0.47716346153846156 0.052884615384615384 0.06009615384615385
0 0.4254807692307692 0.46274038461538464 0.04326923076923077 0.04567307692307692
0 0.5673076923076923 0.46875 0.03365384615384615 0.04326923076923077
0 0.5372596153846154 0.44350961538461536 0.036057692307692304 0.040865384615384616
0 0.5 0.4483173076923077 0.028846153846153848 0.036057692307692304
0 0.28966346153846156 0.4699519230769231 0.03125 0.05048076923076923
1 0.5889423076923077 0.4411057692307692 0.03365384615384615 0.04567307692307692
1 0.7139423076923077 0.45552884615384615 0.04326923076923077 0.05048076923076923
1 0.7860576923076923 0.45072115384615385 0.038461538461538464 0.04567307692307692
0 0.6622596153846154 0.4675480769230769 0.04567307692307692 0.04567307692307692
0 0.7668269230769231 0.4963942307692308 0.052884615384615384 0.055288461538461536
0 0.8834134615384616 0.4651442307692308 0.03125 0.036057692307692304
0 0.9591346153846154 0.4699519230769231 0.03365384615384615 0.036057692307692304
