1 0.45552884615384615 0.45913461538461536 0.04567307692307692 0.04807692307692308
1 0.515625 0.44711538461538464 0.040865384615384616 0.057692307692307696
1 0.5444711538461539 0.4567307692307692 0.026442307692307692 0.038461538461538464
1 0.6129807692307693 0.43509615384615385 0.04326923076923077 0.057692307692307696
1 0.6382211538461539 0.4387019230769231 0.021634615384615384 0.040865384615384616
1 0.6850961538461539 0.45072115384615385 0.03365384615384615 0.040865384615384616
1 0.7295673076923077 0.4375 0.05048076923076923 0.057692307692307696
1 0.8521634615384616 0.4254807692307692 0.040865384615384616 0.057692307692307696
1 0.9314903846153846 0.4495192307692308 0.026442307692307692 0.038461538461538464
1 0.9711538461538461 0.45072115384615385 0.038461538461538464 0.055288461538461536
