0 0.8798076923076923 0.3506024096385542 0.11057692307692307 0.14216867469879518
0 0.38822115384615385 0.3855421686746988 0.0889423076923077 0.10602409638554217
0 0.6165865384615384 0.3614457831325301 0.09375 0.13012048192771083
0 0.2127403846153846 0.36626506024096384 0.10817307692307693 0.1493975903614458
0 0.7271634615384616 0.3457831325301205 0.07451923076923077 0.11325301204819277
0 0.10216346153846154 0.38313253012048193 0.10336538461538461 0.12530120481927712
0 0.8798076923076923 0.1 0.11057692307692307 0.14216867469879518
0 0.38822115384615385 0.06265060240963856 0.0889423076923077 0.10602409638554217
0 0.6165865384615384 0.08674698795180723 0.09375 0.13012048192771083
0 0.2127403846153846 0.0819277108433735 0.10817307692307693 0.1493975903614458
0 0.7271634615384616 0.10481927710843374 0.07451923076923077 0.11325301204819277
0 0.10216346153846154 0.06506024096385542 0.10336538461538461 0.12530120481927712
