1 0.71875 0.26506024096385544 0.052884615384615384 0.06265060240963856
1 0.4963942307692308 0.26867469879518074 0.040865384615384616 0.05060240963855422
1 0.5949519230769231 0.25180722891566265 0.05048076923076923 0.04578313253012048
1 0.8653846153846154 0.29518072289156627 0.052884615384615384 0.05542168674698795
1 0.7908653846153846 0.2855421686746988 0.03365384615384615 0.04578313253012048
1 0.5 0.2397590361445783 0.04326923076923077 0.04096385542168675
1 0.71875 0.06265060240963856 0.052884615384615384 0.06265060240963856
1 0.4963942307692308 0.06144578313253012 0.040865384615384616 0.05060240963855422
1 0.5949519230769231 0.0783132530120482 0.05048076923076923 0.04578313253012048
1 0.8653846153846154 0.03493975903614458 0.052884615384615384 0.05542168674698795
1 0.7908653846153846 0.04457831325301205 0.03365384615384615 0.04578313253012048
1 0.5 0.09036144578313253 0.04326923076923077 0.04096385542168675
