0 0.22355769230769232 0.3156626506024096 0.11538461538461539 0.15421686746987953
0 0.5408653846153846 0.35903614457831323 0.08653846153846154 0.10602409638554217
0 0.39783653846153844 0.3891566265060241 0.10817307692307693 0.14216867469879518
0 0.9423076923076923 0.3674698795180723 0.10096153846153846 0.1180722891566265
0 0.7980769230769231 0.36987951807228914 0.10096153846153846 0.12289156626506025
0 0.6334134615384616 0.3397590361445783 0.10336538461538461 0.13012048192771083
0 0.2247596153846154 0.05060240963855422 0.11778846153846154 0.10120481927710843
0 0.5420673076923077 0.016867469879518072 0.0889423076923077 0.033734939759036145
0 0.9435096153846154 0.01566265060240964 0.10336538461538461 0.03132530120481928
0 0.7992788461538461 0.01566265060240964 0.10336538461538461 0.03132530120481928
0 0.6322115384615384 0.03253012048192771 0.10576923076923077 0.06506024096385542
