0 0.7908653846153846 0.2987951807228916 0.07211538461538461 0.08674698795180723
0 0.3112980769230769 0.29397590361445786 0.06971153846153846 0.08674698795180723
0 0.6213942307692307 0.3 0.06971153846153846 0.07951807228915662
0 0.12740384615384615 0.3132530120481928 0.08173076923076923 0.0963855421686747
0 0.49038461538461536 0.2927710843373494 0.057692307692307696 0.06987951807228916
0 0.9146634615384616 0.2963855421686747 0.11778846153846154 0.12530120481927712
0 0.8701923076923077 0.27710843373493976 0.07211538461538461 0.10120481927710843
0 0.41947115384615385 0.3253012048192771 0.05048076923076923 0.06265060240963856
0 0.7908653846153846 0.043373493975903614 0.07211538461538461 0.08674698795180723
0 0.3112980769230769 0.04819277108433735 0.06971153846153846 0.08674698795180723
0 0.6213942307692307 0.04457831325301205 0.06971153846153846 0.07951807228915662
0 0.12860576923076922 0.03975903614457831 0.08413461538461539 0.07951807228915662
0 0.49038461538461536 0.051807228915662654 0.057692307692307696 0.06987951807228916
0 0.9134615384615384 0.05542168674698795 0.1201923076923077 0.1108433734939759
0 0.8701923076923077 0.06506024096385542 0.07211538461538461 0.10120481927710843
0 0.4182692307692308 0.02530120481927711 0.052884615384615384 0.05060240963855422
