1 0.47475961538461536 0.336144578313253 0.06971153846153846 0.09397590361445783
1 0.6538461538461539 0.3433734939759036 0.08173076923076923 0.0891566265060241
1 0.14302884615384615 0.3228915662650602 0.07932692307692307 0.10120481927710843
1 0.8701923076923077 0.3072289156626506 0.1201923076923077 0.12771084337349398
1 0.578125 0.3506024096385542 0.06009615384615385 0.06987951807228916
1 0.23076923076923078 0.327710843373494 0.08173076923076923 0.13012048192771083
1 0.2860576923076923 0.3265060240963855 0.057692307692307696 0.08433734939759036
1 0.4735576923076923 0.02289156626506024 0.07211538461538461 0.04578313253012048
1 0.6550480769230769 0.018072289156626505 0.08413461538461539 0.03614457831325301
1 0.14182692307692307 0.03132530120481928 0.08173076923076923 0.06265060240963856
1 0.8713942307692307 0.04578313253012048 0.12259615384615384 0.09156626506024096
1 0.5769230769230769 0.00963855421686747 0.0625 0.01927710843373494
1 0.23197115384615385 0.03614457831325301 0.08413461538461539 0.07228915662650602
1 0.28725961538461536 0.02530120481927711 0.06009615384615385 0.05060240963855422
