1 0.03 0.45555555555555555 0.056666666666666664 0.16
1 0.22916666666666666 0.4388888888888889 0.028333333333333332 0.07333333333333333
1 0.265 0.4677777777777778 0.056666666666666664 0.09555555555555556
1 0.2841666666666667 0.4222222222222222 0.045 0.08
1 0.5175 0.44 0.055 0.08444444444444445
1 0.6233333333333333 0.45555555555555555 0.06666666666666667 0.1111111111111111
1 0.7 0.4488888888888889 0.056666666666666664 0.08888888888888889
1 0.39166666666666666 0.44222222222222224 0.04 0.08444444444444445
1 0.36833333333333335 0.43444444444444447 0.02666666666666667 0.06888888888888889
1 0.33166666666666667 0.44555555555555554 0.03333333333333333 0.051111111111111114
1 0.07916666666666666 0.44 0.07166666666666667 0.1111111111111111
1 0.7308333333333333 0.43333333333333335 0.018333333333333333 0.03111111111111111
1 0.8191666666666667 0.4066666666666667 0.07833333333333334 0.13333333333333333
1 0.9133333333333333 0.4011111111111111 0.056666666666666664 0.09111111111111111
