0 0.3028571428571429 0.5259179265658748 0.02 0.058315334773218146
0 0.3192857142857143 0.5323974082073434 0.032857142857142856 0.05399568034557235
0 0.3707142857142857 0.531317494600432 0.032857142857142856 0.06479481641468683
0 0.3992857142857143 0.5431965442764579 0.03857142857142857 0.06695464362850972
0 0.44571428571428573 0.5658747300215983 0.02857142857142857 0.047516198704103674
0 0.47 0.5658747300215983 0.02857142857142857 0.06479481641468683
0 0.4992857142857143 0.5647948164146869 0.041428571428571426 0.07127429805615551
0 0.5221428571428571 0.5658747300215983 0.015714285714285715 0.047516198704103674
0 0.5407142857142857 0.5496760259179265 0.027142857142857142 0.06695464362850972
0 0.5692857142857143 0.5356371490280778 0.03571428571428571 0.07775377969762419
0 0.6107142857142858 0.5259179265658748 0.05285714285714286 0.09287257019438445
0 0.6692857142857143 0.5421166306695464 0.05285714285714286 0.09071274298056156
0 0.7428571428571429 0.49892008639308855 0.06 0.06911447084233262
0 0.7421428571428571 0.5583153347732182 0.06714285714285714 0.11447084233261338
0 0.805 0.5010799136069114 0.07285714285714286 0.12958963282937366
0 0.8928571428571429 0.4816414686825054 0.09714285714285714 0.16414686825053995
0 0.97 0.4956803455723542 0.06 0.13606911447084233
