0 0.25841346153846156 0.336144578313253 0.06490384615384616 0.0746987951807229
0 0.7091346153846154 0.3192771084337349 0.0625 0.06987951807228916
0 0.19591346153846154 0.3566265060240964 0.06971153846153846 0.0819277108433735
0 0.609375 0.3156626506024096 0.06490384615384616 0.08674698795180723
0 0.5036057692307693 0.2783132530120482 0.055288461538461536 0.0746987951807229
0 0.8810096153846154 0.3253012048192771 0.06971153846153846 0.09156626506024096
0 0.08173076923076923 0.3313253012048193 0.057692307692307696 0.0746987951807229
0 0.84375 0.2855421686746988 0.052884615384615384 0.06987951807228916
0 0.37740384615384615 0.3325301204819277 0.052884615384615384 0.07228915662650602
0 0.4326923076923077 0.3337349397590361 0.04807692307692308 0.060240963855421686
0 0.2956730769230769 0.35180722891566263 0.028846153846153848 0.05783132530120482
0 0.25721153846153844 0.01325301204819277 0.0673076923076923 0.02650602409638554
0 0.7103365384615384 0.020481927710843374 0.06490384615384616 0.04096385542168675
0 0.6081730769230769 0.02650602409638554 0.0673076923076923 0.05301204819277108
0 0.5036057692307693 0.046987951807228916 0.055288461538461536 0.0746987951807229
0 0.8798076923076923 0.02289156626506024 0.07211538461538461 0.04578313253012048
0 0.0829326923076923 0.01566265060240964 0.06009615384615385 0.03132530120481928
0 0.84375 0.03975903614457831 0.052884615384615384 0.06987951807228916
0 0.3786057692307692 0.014457831325301205 0.055288461538461536 0.02891566265060241
0 0.4338942307692308 0.010843373493975903 0.05048076923076923 0.021686746987951807
