0 0.09876543209876543 0.3277777777777778 0.07407407407407407 0.12962962962962962
0 0.28271604938271605 0.3851851851851852 0.04197530864197531 0.06666666666666667
0 0.32222222222222224 0.36666666666666664 0.056790123456790124 0.1037037037037037
0 0.3654320987654321 0.387037037037037 0.0345679012345679 0.07037037037037037
0 0.39753086419753086 0.3851851851851852 0.02962962962962963 0.05185185185185185
0 0.4580246913580247 0.3351851851851852 0.05185185185185185 0.1
0 0.5407407407407407 0.40925925925925927 0.02962962962962963 0.06296296296296296
0 0.5679012345679012 0.39814814814814814 0.03950617283950617 0.07037037037037037
0 0.6123456790123457 0.40555555555555556 0.0345679012345679 0.06296296296296296
0 0.6654320987654321 0.40925925925925927 0.027160493827160494 0.05555555555555555
0 0.7962962962962963 0.32222222222222224 0.05185185185185185 0.1037037037037037
0 0.45185185185185184 0.512962962962963 0.09382716049382717 0.15185185185185185
1 0.7123456790123457 0.3685185185185185 0.07654320987654321 0.13703703703703704
