0 0.3317307692307692 0.3759036144578313 0.08653846153846154 0.0963855421686747
0 0.0829326923076923 0.3132530120481928 0.0985576923076923 0.10602409638554217
0 0.953125 0.3409638554216867 0.0889423076923077 0.1180722891566265
0 0.5564903846153846 0.344578313253012 0.06490384615384616 0.0819277108433735
0 0.4699519230769231 0.3457831325301205 0.05048076923076923 0.06987951807228916
0 0.28365384615384615 0.3132530120481928 0.057692307692307696 0.07228915662650602
0 0.7560096153846154 0.3253012048192771 0.06490384615384616 0.07710843373493977
0 0.7127403846153846 0.31204819277108437 0.04567307692307692 0.06987951807228916
0 0.5096153846153846 0.29156626506024097 0.04326923076923077 0.07228915662650602
0 0.38822115384615385 0.31204819277108437 0.04567307692307692 0.060240963855421686
0 0.20673076923076922 0.29759036144578316 0.04807692307692308 0.05542168674698795
0 0.33413461538461536 0.3144578313253012 0.03365384615384615 0.04578313253012048
0 0.8713942307692307 0.3132530120481928 0.036057692307692304 0.043373493975903614
0 0.7956730769230769 0.3180722891566265 0.03365384615384615 0.04819277108433735
0 0.08173076923076923 0.03734939759036145 0.10096153846153846 0.0746987951807229
0 0.9519230769230769 0.02650602409638554 0.09134615384615384 0.05301204819277108
0 0.5552884615384616 0.01566265060240964 0.0673076923076923 0.03132530120481928
0 0.46875 0.012048192771084338 0.052884615384615384 0.024096385542168676
0 0.2848557692307692 0.02891566265060241 0.06009615384615385 0.05783132530120482
0 0.7548076923076923 0.024096385542168676 0.0673076923076923 0.04819277108433735
0 0.7115384615384616 0.02891566265060241 0.04807692307692308 0.05783132530120482
0 0.5096153846153846 0.04096385542168675 0.04326923076923077 0.07228915662650602
0 0.3870192307692308 0.02650602409638554 0.04807692307692308 0.05301204819277108
0 0.20673076923076922 0.03734939759036145 0.04807692307692308 0.05542168674698795
0 0.33533653846153844 0.021686746987951807 0.036057692307692304 0.043373493975903614
0 0.8701923076923077 0.021686746987951807 0.038461538461538464 0.043373493975903614
0 0.796875 0.020481927710843374 0.036057692307692304 0.04096385542168675
