0 0.014423076923076924 0.5710843373493976 0.02403846153846154 0.0819277108433735
0 0.03125 0.5265060240963856 0.057692307692307696 0.06506024096385542
0 0.24639423076923078 0.5144578313253012 0.07451923076923077 0.06987951807228916
0 0.20432692307692307 0.6385542168674698 0.14903846153846154 0.15421686746987953
0 0.6141826923076923 0.5542168674698795 0.07932692307692307 0.0963855421686747
0 0.6586538461538461 0.5277108433734939 0.04807692307692308 0.07710843373493977
0 0.328125 0.4963855421686747 0.04567307692307692 0.05783132530120482
0 0.43990384615384615 0.4963855421686747 0.038461538461538464 0.04819277108433735
0 0.5420673076923077 0.4855421686746988 0.04567307692307692 0.04578313253012048
0 0.7319711538461539 0.4975903614457831 0.04567307692307692 0.05542168674698795
0 0.8689903846153846 0.5216867469879518 0.06490384615384616 0.0746987951807229
0 0.9206730769230769 0.5132530120481927 0.057692307692307696 0.06746987951807229
0 0.20552884615384615 0.9722891566265061 0.15144230769230768 0.05060240963855422
