1 0.49278846153846156 0.3963855421686747 0.07211538461538461 0.08433734939759036
1 0.8317307692307693 0.37349397590361444 0.08653846153846154 0.12048192771084337
1 0.2247596153846154 0.40843373493975904 0.05048076923076923 0.06506024096385542
1 0.35216346153846156 0.3746987951807229 0.04567307692307692 0.060240963855421686
1 0.12860576923076922 0.3963855421686747 0.04567307692307692 0.060240963855421686
1 0.09495192307692307 0.38072289156626504 0.040865384615384616 0.05783132530120482
1 0.15264423076923078 0.3686746987951807 0.03125 0.04819277108433735
1 0.1935096153846154 0.36987951807228914 0.036057692307692304 0.04578313253012048
1 0.23918269230769232 0.3819277108433735 0.03125 0.04578313253012048
1 0.4543269230769231 0.39036144578313253 0.038461538461538464 0.043373493975903614
