0 0.09615384615384616 0.3457831325301205 0.16346153846153846 0.18072289156626506
1 0.20432692307692307 0.3710843373493976 0.10576923076923077 0.14457831325301204
1 0.35216346153846156 0.3819277108433735 0.06490384615384616 0.0891566265060241
1 0.48197115384615385 0.363855421686747 0.08413461538461539 0.1108433734939759
1 0.7103365384615384 0.37349397590361444 0.06971153846153846 0.0963855421686747
1 0.5961538461538461 0.39879518072289155 0.0625 0.06987951807228916
1 0.8762019230769231 0.3650602409638554 0.09375 0.10843373493975904
1 0.9543269230769231 0.3891566265060241 0.08173076923076923 0.09879518072289156
0 0.09735576923076923 0.03975903614457831 0.1658653846153846 0.07951807228915662
1 0.20552884615384615 0.018072289156626505 0.10817307692307693 0.03614457831325301
1 0.4807692307692308 0.01325301204819277 0.08653846153846154 0.02650602409638554
1 0.875 0.012048192771084338 0.09615384615384616 0.024096385542168676
