1 0.04648760330578512 0.7254038179148311 0.06611570247933884 0.09985315712187959
1 0.2066115702479339 0.5418502202643172 0.04338842975206612 0.0763582966226138
1 0.3037190082644628 0.4067547723935389 0.030991735537190084 0.05873715124816446
1 0.4524793388429752 0.2393538913362702 0.012396694214876033 0.02643171806167401
1 0.4777892561983471 0.22173274596182085 0.011363636363636364 0.023494860499265784
1 0.44214876033057854 0.2657856093979442 0.01652892561983471 0.02936857562408223
0 0.46384297520661155 0.23715124816446403 0.010330578512396695 0.024963289280469897
1 0.5108471074380165 0.4765051395007342 0.03409090909090909 0.05433186490455213
1 0.5986570247933884 0.5513950073421439 0.03615702479338843 0.06020558002936858
1 0.6002066115702479 0.48604992657856094 0.0371900826446281 0.05873715124816446
1 0.5950413223140496 0.4456681350954479 0.03305785123966942 0.039647577092511016
1 0.59400826446281 0.41923641703377384 0.028925619834710745 0.03671071953010279
1 0.550103305785124 0.302496328928047 0.02169421487603306 0.02936857562408223
1 0.5604338842975206 0.22466960352422907 0.013429752066115703 0.020558002936857563
1 0.5692148760330579 0.19236417033773862 0.010330578512396695 0.014684287812041116
1 0.5723140495867769 0.25844346549192365 0.014462809917355372 0.020558002936857563
1 0.5929752066115702 0.23788546255506607 0.014462809917355372 0.023494860499265784
