0 0.6133333333333333 0.41903171953255425 0.042222222222222223 0.07679465776293823
1 0.8494444444444444 0.6477462437395659 0.052222222222222225 0.09348914858096828
1 0.5527777777777778 0.41903171953255425 0.043333333333333335 0.07679465776293823
1 0.3005555555555556 0.6268781302170284 0.03 0.06176961602671119
1 0.22611111111111112 0.5918196994991652 0.03222222222222222 0.05843071786310518
1 0.2127777777777778 0.6535893155258765 0.03666666666666667 0.07178631051752922
1 0.165 0.5659432387312187 0.027777777777777776 0.06010016694490818
1 0.09222222222222222 0.5692821368948247 0.03333333333333333 0.05676126878130217
1 0.12444444444444444 0.6410684474123539 0.03777777777777778 0.0667779632721202
1 0.05444444444444444 0.6569282136894825 0.051111111111111114 0.08848080133555926
