0 0.17320261437908496 0.34375 0.17320261437908496 0.15318627450980393
0 0.2679738562091503 0.40441176470588236 0.08169934640522876 0.09313725490196079
0 0.04738562091503268 0.27512254901960786 0.08496732026143791 0.07720588235294118
0 0.12663398692810457 0.2512254901960784 0.03104575163398693 0.029411764705882353
0 0.2107843137254902 0.24632352941176472 0.0392156862745098 0.03431372549019608
0 0.3300653594771242 0.26286764705882354 0.10457516339869281 0.09926470588235294
0 0.4272875816993464 0.23835784313725492 0.06045751633986928 0.06004901960784314
0 0.5261437908496732 0.23958333333333334 0.08823529411764706 0.09191176470588236
0 0.5816993464052288 0.2689950980392157 0.0718954248366013 0.07475490196078431
0 0.6388888888888888 0.2536764705882353 0.049019607843137254 0.041666666666666664
0 0.6633986928104575 0.23100490196078433 0.016339869281045753 0.015931372549019607
0 0.678921568627451 0.23223039215686275 0.021241830065359478 0.015931372549019607
