0 0.13043478260869565 0.3948069241011984 0.03904170363797693 0.0758988015978695
0 0.35714285714285715 0.4007989347536618 0.05767524401064774 0.0985352862849534
0 0.3904170363797693 0.43342210386151797 0.019520851818988466 0.03861517976031957
0 0.28926353149955636 0.4613848202396804 0.015971606033717833 0.02529960053262317
0 0.5283939662821651 0.4367509986684421 0.023957409050576754 0.045272969374167776
0 0.6015971606033718 0.4194407456724368 0.05146406388642413 0.09054593874833555
0 0.6987577639751553 0.4041278295605859 0.06832298136645963 0.1051930758988016
0 0.769299023957409 0.4141145139813582 0.04791481810115351 0.085219707057257
0 0.8456078083407276 0.40612516644474034 0.0354924578527063 0.05326231691078562
1 0.831410825199645 0.4540612516644474 0.019520851818988466 0.03994673768308921
0 0.9640638864241349 0.43275632490013316 0.03637976929902396 0.06391478029294274
