1 0.8646209386281588 0.4385245901639344 0.039711191335740074 0.06830601092896176
1 0.8366425992779783 0.45081967213114754 0.016245487364620937 0.03825136612021858
1 0.7978339350180506 0.4521857923497268 0.018050541516245487 0.03551912568306011
1 0.7481949458483754 0.430327868852459 0.03790613718411552 0.06284153005464481
1 0.644404332129964 0.45901639344262296 0.039711191335740074 0.07650273224043716
1 0.5785198555956679 0.4275956284153005 0.03429602888086643 0.05737704918032787
1 0.5433212996389891 0.43169398907103823 0.02888086642599278 0.0546448087431694
1 0.4404332129963899 0.42896174863387976 0.04693140794223827 0.08743169398907104
1 0.4052346570397112 0.4426229508196721 0.02707581227436823 0.04918032786885246
1 0.31498194945848373 0.4603825136612022 0.04151624548736462 0.07377049180327869
1 0.2463898916967509 0.4426229508196721 0.05595667870036101 0.10382513661202186
1 0.22111913357400723 0.38934426229508196 0.03429602888086643 0.05737704918032787
1 0.16335740072202165 0.43169398907103823 0.04512635379061372 0.07650273224043716
1 0.06498194945848375 0.4016393442622951 0.05054151624548736 0.09289617486338798
1 0.0315884476534296 0.45491803278688525 0.05595667870036101 0.20491803278688525
