0 0.194375 0.3870056497175141 0.04875 0.10357815442561205
0 0.129375 0.4529190207156309 0.09875 0.17890772128060264
0 0.04625 0.4435028248587571 0.085 0.288135593220339
0 0.268125 0.4152542372881356 0.08375 0.14124293785310735
0 0.37 0.4491525423728814 0.08 0.160075329566855
0 0.460625 0.4058380414312618 0.08625 0.14124293785310735
0 0.605 0.4736346516007533 0.0675 0.1337099811676083
1 0.676875 0.4152542372881356 0.08625 0.160075329566855
0 0.79375 0.4755178907721281 0.08 0.1337099811676083
0 0.8725 0.4708097928436911 0.0825 0.13559322033898305
0 0.92375 0.4011299435028249 0.0825 0.10546139359698682
0 0.98 0.5178907721280602 0.04 0.15065913370998116
