0 0.75 0.7799227799227799 0.014150943396226415 0.02702702702702703
1 0.4097877358490566 0.4247104247104247 0.012971698113207548 0.02702702702702703
1 0.19929245283018868 0.44015444015444016 0.014150943396226415 0.02702702702702703
1 0.30424528301886794 0.3301158301158301 0.014150943396226415 0.02702702702702703
1 0.32547169811320753 0.28378378378378377 0.014150943396226415 0.02702702702702703
1 0.2653301886792453 0.333976833976834 0.01650943396226415 0.02702702702702703
1 0.24410377358490565 0.34942084942084944 0.014150943396226415 0.02702702702702703
0 0.2417452830188679 0.2876447876447876 0.01179245283018868 0.023166023166023165
1 0.4634433962264151 0.26640926640926643 0.014150943396226415 0.02702702702702703
1 0.3490566037735849 0.2693050193050193 0.014150943396226415 0.025096525096525095
1 0.34139150943396224 0.25096525096525096 0.015330188679245283 0.02702702702702703
1 0.3555424528301887 0.22297297297297297 0.012971698113207548 0.025096525096525095
1 0.33608490566037735 0.21428571428571427 0.014150943396226415 0.023166023166023165
1 0.3431603773584906 0.17084942084942084 0.01179245283018868 0.021235521235521235
1 0.3295990566037736 0.14478764478764478 0.012971698113207548 0.023166023166023165
0 0.3903301886792453 0.13996138996138996 0.01179245283018868 0.021235521235521235
0 0.45577830188679247 0.05115830115830116 0.01061320754716981 0.021235521235521235
0 0.47818396226415094 0.07915057915057915 0.012971698113207548 0.023166023166023165
0 0.5017688679245284 0.037644787644787646 0.012971698113207548 0.021235521235521235
0 0.42452830188679247 0.01833976833976834 0.01179245283018868 0.021235521235521235
0 0.3419811320754717 0.11003861003861004 0.014150943396226415 0.023166023166023165
0 0.38443396226415094 0.11293436293436293 0.01179245283018868 0.021235521235521235
