1 0.7560096153846154 0.5036144578313253 0.06971153846153846 0.09156626506024096
1 0.9579326923076923 0.4530120481927711 0.06971153846153846 0.09156626506024096
1 0.5288461538461539 0.4879518072289157 0.052884615384615384 0.06987951807228916
1 0.6935096153846154 0.5 0.06009615384615385 0.08433734939759036
1 0.35096153846153844 0.4987951807228916 0.04326923076923077 0.06746987951807229
1 0.609375 0.4855421686746988 0.055288461538461536 0.0746987951807229
1 0.11298076923076923 0.4927710843373494 0.04807692307692308 0.05542168674698795
1 0.41586538461538464 0.4939759036144578 0.04326923076923077 0.05783132530120482
1 0.3016826923076923 0.5024096385542168 0.05048076923076923 0.060240963855421686
1 0.4110576923076923 0.463855421686747 0.038461538461538464 0.05542168674698795
1 0.4963942307692308 0.4927710843373494 0.04567307692307692 0.06987951807228916
0 0.23677884615384615 0.5072289156626506 0.06009615384615385 0.060240963855421686
