1 0.2980769230769231 0.5385542168674698 0.0625 0.08433734939759036
1 0.7992788461538461 0.3783132530120482 0.15144230769230768 0.1927710843373494
1 0.19951923076923078 0.5674698795180723 0.04807692307692308 0.060240963855421686
1 0.4495192307692308 0.4710843373493976 0.09134615384615384 0.12771084337349398
1 0.14182692307692307 0.5927710843373494 0.038461538461538464 0.043373493975903614
1 0.11177884615384616 0.591566265060241 0.03125 0.03132530120481928
1 0.08173076923076923 0.5927710843373494 0.02403846153846154 0.02891566265060241
1 0.29927884615384615 0.983132530120482 0.06490384615384616 0.02891566265060241
1 0.7980769230769231 0.08674698795180723 0.15384615384615385 0.17349397590361446
1 0.20072115384615385 0.9746987951807229 0.05048076923076923 0.04578313253012048
1 0.45072115384615385 0.024096385542168676 0.09375 0.04819277108433735
1 0.14182692307692307 0.9566265060240964 0.038461538461538464 0.043373493975903614
1 0.11177884615384616 0.9602409638554217 0.03125 0.03132530120481928
1 0.08173076923076923 0.9566265060240964 0.02403846153846154 0.02891566265060241
