0 0.0325 0.31666666666666665 0.045 0.07333333333333333
0 0.13833333333333334 0.3433333333333333 0.04 0.06
0 0.26416666666666666 0.36666666666666664 0.035 0.06222222222222222
0 0.32416666666666666 0.3877777777777778 0.018333333333333333 0.03333333333333333
0 0.3425 0.3877777777777778 0.025 0.04666666666666667
1 0.3825 0.39 0.045 0.07333333333333333
1 0.5875 0.4122222222222222 0.03833333333333333 0.06888888888888889
1 0.64 0.4088888888888889 0.03333333333333333 0.08
0 0.4866666666666667 0.3688888888888889 0.03666666666666667 0.057777777777777775
0 0.5266666666666666 0.43 0.02666666666666667 0.042222222222222223
0 0.6691666666666667 0.4 0.051666666666666666 0.08444444444444445
0 0.7975 0.45111111111111113 0.028333333333333332 0.06666666666666667
0 0.8366666666666667 0.4488888888888889 0.07 0.12
0 0.88 0.44555555555555554 0.03333333333333333 0.06444444444444444
0 0.9825 0.4411111111111111 0.035 0.06444444444444444
