0 0.9056603773584906 0.5574712643678161 0.052830188679245285 0.12643678160919541
0 0.8679245283018868 0.5459770114942529 0.052830188679245285 0.1111111111111111
0 0.6358490566037736 0.5498084291187739 0.045283018867924525 0.11877394636015326
0 0.6877358490566038 0.6226053639846744 0.024528301886792454 0.07279693486590039
1 0.7443396226415094 0.5287356321839081 0.062264150943396226 0.16091954022988506
0 0.5037735849056604 0.578544061302682 0.04905660377358491 0.09961685823754789
0 0.41320754716981134 0.5574712643678161 0.04905660377358491 0.1111111111111111
0 0.30660377358490565 0.5383141762452107 0.04716981132075472 0.11877394636015326
0 0.24056603773584906 0.5517241379310345 0.05471698113207547 0.09961685823754789
1 0.17169811320754716 0.5823754789272031 0.03773584905660377 0.0842911877394636
1 0.026415094339622643 0.5440613026819924 0.033962264150943396 0.07662835249042145
