1 0.47115384615384615 0.40602409638554215 0.08173076923076923 0.09879518072289156
1 0.8317307692307693 0.38795180722891565 0.07211538461538461 0.0963855421686747
1 0.17067307692307693 0.41325301204819276 0.09134615384615384 0.10361445783132531
1 0.7800480769230769 0.3891566265060241 0.055288461538461536 0.0891566265060241
0 0.6286057692307693 0.42289156626506025 0.06490384615384616 0.09397590361445783
0 0.37740384615384615 0.3963855421686747 0.0625 0.07951807228915662
0 0.8882211538461539 0.41686746987951806 0.055288461538461536 0.06746987951807229
1 0.07211538461538461 0.42168674698795183 0.09615384615384616 0.1493975903614458
1 0.04567307692307692 0.3060240963855422 0.08653846153846154 0.20240963855421687
1 0.046875 0.06506024096385542 0.0889423076923077 0.13012048192771083
