1 0.2690909090909091 0.2098092643051771 0.06545454545454546 0.11989100817438691
1 0.14363636363636365 0.28337874659400547 0.05090909090909091 0.10354223433242507
1 0.34454545454545454 0.28746594005449594 0.04909090909090909 0.10626702997275204
1 0.4318181818181818 0.26294277929155313 0.04909090909090909 0.08446866485013624
1 0.5027272727272727 0.2656675749318801 0.06363636363636363 0.1226158038147139
1 0.5963636363636363 0.23433242506811988 0.05454545454545454 0.10354223433242507
1 0.6509090909090909 0.22888283378746593 0.03636363636363636 0.09264305177111716
1 0.69 0.20572207084468666 0.06363636363636363 0.11716621253405994
1 0.7881818181818182 0.2547683923705722 0.056363636363636366 0.11171662125340599
1 0.8290909090909091 0.2547683923705722 0.02181818181818182 0.05722070844686648
1 0.9081818181818182 0.23433242506811988 0.06363636363636363 0.11989100817438691
1 0.9509090909090909 0.28201634877384196 0.02181818181818182 0.035422343324250684
1 0.9818181818181818 0.2724795640326976 0.03636363636363636 0.07084468664850137
