1 0.22596153846153846 0.5 0.028846153846153848 0.03132530120481928
1 0.4699519230769231 0.6373493975903615 0.036057692307692304 0.04096385542168675
1 0.3798076923076923 0.6843373493975904 0.038461538461538464 0.033734939759036145
1 0.7355769230769231 0.6048192771084338 0.038461538461538464 0.03855421686746988
1 0.8389423076923077 0.5855421686746988 0.038461538461538464 0.043373493975903614
1 0.3076923076923077 0.5566265060240964 0.03365384615384615 0.043373493975903614
1 0.4699519230769231 0.9481927710843373 0.036057692307692304 0.04096385542168675
1 0.3798076923076923 0.8987951807228916 0.038461538461538464 0.033734939759036145
1 0.7355769230769231 0.9783132530120482 0.038461538461538464 0.03855421686746988
1 0.8401442307692307 0.9867469879518073 0.040865384615384616 0.021686746987951807
