1 0.8825 0.7672727272727272 0.025 0.04
1 0.75875 0.6818181818181818 0.0225 0.03272727272727273
1 0.69375 0.6472727272727272 0.0225 0.03636363636363636
1 0.85 0.6472727272727272 0.0175 0.025454545454545455
1 0.866875 0.5836363636363636 0.00875 0.014545454545454545
1 0.94 0.5845454545454546 0.01 0.02
1 0.924375 0.5818181818181818 0.01125 0.01818181818181818
1 0.920625 0.5336363636363637 0.00875 0.016363636363636365
1 0.264375 0.7027272727272728 0.02125 0.03090909090909091
1 0.173125 0.5690909090909091 0.02125 0.02909090909090909
1 0.036875 0.7154545454545455 0.02375 0.038181818181818185
1 0.071875 0.6263636363636363 0.01875 0.02727272727272727
1 0.131875 0.5527272727272727 0.02125 0.02909090909090909
1 0.2325 0.56 0.015 0.025454545454545455
1 0.273125 0.5572727272727273 0.01625 0.02727272727272727
1 0.696875 0.8227272727272728 0.02375 0.038181818181818185
0 0.145 0.5690909090909091 0.02 0.02909090909090909
