1 0.013221153846153846 0.45180722891566266 0.021634615384615384 0.06987951807228916
1 0.4579326923076923 0.4542168674698795 0.06490384615384616 0.08433734939759036
1 0.25961538461538464 0.42289156626506025 0.0673076923076923 0.08433734939759036
1 0.15144230769230768 0.4457831325301205 0.07211538461538461 0.0819277108433735
1 0.10096153846153846 0.43614457831325304 0.0625 0.07710843373493977
1 0.17908653846153846 0.43253012048192774 0.036057692307692304 0.06506024096385542
1 0.33653846153846156 0.42409638554216866 0.07211538461538461 0.06746987951807229
1 0.37740384615384615 0.43373493975903615 0.04326923076923077 0.06746987951807229
1 0.5180288461538461 0.44216867469879517 0.055288461538461536 0.06987951807228916
1 0.5889423076923077 0.45180722891566266 0.07692307692307693 0.06987951807228916
1 0.6466346153846154 0.43734939759036146 0.057692307692307696 0.060240963855421686
1 0.7115384615384616 0.4469879518072289 0.052884615384615384 0.0746987951807229
1 0.7668269230769231 0.46265060240963857 0.057692307692307696 0.06265060240963856
1 0.8137019230769231 0.46626506024096387 0.04567307692307692 0.05542168674698795
1 0.8689903846153846 0.45542168674698796 0.05048076923076923 0.05783132530120482
1 0.9375 0.46987951807228917 0.057692307692307696 0.06746987951807229
1 0.9723557692307693 0.46987951807228917 0.026442307692307692 0.05301204819277108
