0 0.7632211538461539 0.39663461538461536 0.07932692307692307 0.09134615384615384
0 0.14182692307692307 0.39302884615384615 0.08173076923076923 0.09375
0 0.3317307692307692 0.3786057692307692 0.09615384615384616 0.10817307692307693
0 0.25841346153846156 0.390625 0.05048076923076923 0.0889423076923077
0 0.9002403846153846 0.3858173076923077 0.11778846153846154 0.11778846153846154
0 0.5048076923076923 0.3894230769230769 0.10576923076923077 0.11057692307692307
0 0.8461538461538461 0.38461538461538464 0.08173076923076923 0.09134615384615384
0 0.3737980769230769 0.3786057692307692 0.06490384615384616 0.11298076923076923
0 0.7620192307692307 0.04447115384615385 0.08173076923076923 0.0889423076923077
0 0.14302884615384615 0.046875 0.08413461538461539 0.09375
0 0.3317307692307692 0.06129807692307692 0.09615384615384616 0.10817307692307693
0 0.25841346153846156 0.04927884615384615 0.05048076923076923 0.0889423076923077
0 0.8990384615384616 0.056490384615384616 0.1201923076923077 0.11298076923076923
0 0.5060096153846154 0.052884615384615384 0.10817307692307693 0.10576923076923077
0 0.8461538461538461 0.052884615384615384 0.08173076923076923 0.09134615384615384
0 0.3737980769230769 0.06129807692307692 0.06490384615384616 0.11298076923076923
