1 0.7800480769230769 0.5674698795180723 0.06490384615384616 0.06987951807228916
1 0.20192307692307693 0.5072289156626506 0.04326923076923077 0.04096385542168675
1 0.4254807692307692 0.5 0.052884615384615384 0.05542168674698795
1 0.4411057692307692 0.40120481927710844 0.03125 0.03614457831325301
1 0.3942307692307692 0.41566265060240964 0.03365384615384615 0.03132530120481928
1 0.8257211538461539 0.39879518072289155 0.04567307692307692 0.04578313253012048
1 0.9483173076923077 0.4951807228915663 0.040865384615384616 0.04096385542168675
1 0.9771634615384616 0.41686746987951806 0.040865384615384616 0.05301204819277108
1 0.8846153846153846 0.40240963855421685 0.028846153846153848 0.043373493975903614
1 0.43990384615384615 0.00963855421686747 0.03365384615384615 0.01927710843373494
1 0.8245192307692307 0.01325301204819277 0.04807692307692308 0.02650602409638554
1 0.9759615384615384 0.006024096385542169 0.04326923076923077 0.012048192771084338
1 0.8858173076923077 0.010843373493975903 0.03125 0.021686746987951807
