1 0.6045673076923077 0.36778846153846156 0.11778846153846154 0.14903846153846154
1 0.7235576923076923 0.2548076923076923 0.18269230769230768 0.1778846153846154
1 0.37740384615384615 0.36538461538461536 0.11538461538461539 0.1346153846153846
1 0.22115384615384615 0.29447115384615385 0.24519230769230768 0.24278846153846154
1 0.0985576923076923 0.3605769230769231 0.13942307692307693 0.1778846153846154
1 0.6033653846153846 0.020432692307692308 0.1201923076923077 0.040865384615384616
1 0.7247596153846154 0.08413461538461539 0.18509615384615385 0.16826923076923078
1 0.3786057692307692 0.018028846153846152 0.11778846153846154 0.036057692307692304
1 0.22235576923076922 0.08052884615384616 0.24759615384615385 0.16105769230769232
1 0.09975961538461539 0.03125 0.14182692307692307 0.0625
