1 0.4930555555555556 0.8744769874476988 0.030555555555555555 0.05578800557880056
1 0.42314814814814816 0.8898186889818689 0.02962962962962963 0.04741980474198047
1 0.28564814814814815 0.8730822873082287 0.03611111111111111 0.0502092050209205
1 0.36712962962962964 0.6882845188284519 0.028703703703703703 0.04881450488145049
1 0.41759259259259257 0.6352859135285913 0.027777777777777776 0.05160390516039052
1 0.2222222222222222 0.5355648535564853 0.025925925925925925 0.0502092050209205
1 0.24861111111111112 0.43654114365411434 0.026851851851851852 0.04741980474198047
1 0.30092592592592593 0.4281729428172943 0.024074074074074074 0.04184100418410042
1 0.30694444444444446 0.37517433751743373 0.025 0.04184100418410042
1 0.2865740740740741 0.3437935843793584 0.019444444444444445 0.03765690376569038
1 0.2518518518518518 0.3695955369595537 0.025925925925925925 0.044630404463040445
1 0.36527777777777776 0.25523012552301255 0.030555555555555555 0.044630404463040445
1 0.3962962962962963 0.32496513249651326 0.024074074074074074 0.04184100418410042
1 0.4726851851851852 0.45746164574616455 0.026851851851851852 0.04184100418410042
1 0.4601851851851852 0.29567642956764295 0.025925925925925925 0.044630404463040445
1 0.6055555555555555 0.29428172942817293 0.027777777777777776 0.044630404463040445
1 0.825925925925926 0.40097629009762903 0.024074074074074074 0.040446304044630406
1 0.8601851851851852 0.3821478382147838 0.022222222222222223 0.04184100418410042
1 0.9148148148148149 0.40655509065550904 0.027777777777777776 0.04602510460251046
1 0.7833333333333333 0.5899581589958159 0.03148148148148148 0.04741980474198047
1 0.6902777777777778 0.7140864714086471 0.026851851851851852 0.05299860529986053
1 0.7375 0.799860529986053 0.030555555555555555 0.04881450488145049
1 0.950462962962963 0.8249651324965133 0.030555555555555555 0.05439330543933055
1 0.9856481481481482 0.7315202231520224 0.028703703703703703 0.04602510460251046
1 0.9888888888888889 0.7852161785216178 0.022222222222222223 0.0502092050209205
