1 0.19471153846153846 0.43373493975903615 0.04807692307692308 0.05783132530120482
1 0.7644230769230769 0.43493975903614457 0.04326923076923077 0.05060240963855422
1 0.1310096153846154 0.41566265060240964 0.05048076923076923 0.060240963855421686
1 0.2956730769230769 0.42530120481927713 0.038461538461538464 0.05542168674698795
1 0.3786057692307692 0.43253012048192774 0.040865384615384616 0.05542168674698795
1 0.4170673076923077 0.44096385542168676 0.03125 0.043373493975903614
1 0.4795673076923077 0.44216867469879517 0.026442307692307692 0.03614457831325301
1 0.5096153846153846 0.42891566265060244 0.03365384615384615 0.04819277108433735
1 0.5456730769230769 0.43734939759036146 0.02403846153846154 0.05060240963855422
1 0.5745192307692307 0.42771084337349397 0.038461538461538464 0.05542168674698795
1 0.6081730769230769 0.44096385542168676 0.03365384615384615 0.04819277108433735
1 0.671875 0.43614457831325304 0.040865384615384616 0.05301204819277108
1 0.7199519230769231 0.43493975903614457 0.040865384615384616 0.05060240963855422
