1 0.82625 0.544256120527307 0.1175 0.21092278719397364
1 0.650625 0.3625235404896422 0.07125 0.14124293785310735
1 0.566875 0.3615819209039548 0.07625 0.11299435028248588
1 0.456875 0.5112994350282486 0.11125 0.2128060263653484
1 0.33125 0.2890772128060264 0.0575 0.1111111111111111
1 0.08375 0.13465160075329566 0.055 0.08851224105461393
1 0.088125 0.05273069679849341 0.04875 0.07909604519774012
1 0.03375 0.12146892655367232 0.04 0.07344632768361582
1 0.353125 0.2128060263653484 0.03375 0.064030131826742
1 0.44625 0.19868173258003766 0.04 0.06591337099811675
1 0.3675 0.0743879472693032 0.02 0.047080979284369114
1 0.196875 0.19397363465160075 0.02625 0.05649717514124294
1 0.54375 0.1544256120527307 0.02 0.03766478342749529
1 0.56625 0.2344632768361582 0.0425 0.08097928436911488
1 0.300625 0.1224105461393597 0.02375 0.03766478342749529
1 0.5125 0.1431261770244821 0.02 0.03766478342749529
1 0.27125 0.4274952919020716 0.08 0.12052730696798493
1 0.378125 0.192090395480226 0.02875 0.04143126177024482
0 0.22125 0.5131826741996234 0.085 0.16760828625235405
0 0.25875 0.09698681732580038 0.0175 0.02824858757062147
0 0.22 0.17890772128060264 0.025 0.04519774011299435
0 0.154375 0.09981167608286252 0.03625 0.060263653483992465
0 0.6225 0.2890772128060264 0.045 0.07721280602636535
0 0.495 0.08851224105461393 0.025 0.04143126177024482
1 0.4925 0.3060263653483992 0.0525 0.09981167608286252
1 0.406875 0.09416195856873823 0.01375 0.022598870056497175
1 0.430625 0.15254237288135594 0.02125 0.03389830508474576
0 0.273125 0.17890772128060264 0.02375 0.03766478342749529
0 0.263125 0.3549905838041431 0.05375 0.08097928436911488
0 0.044375 0.667608286252354 0.08625 0.1713747645951036
0 0.590625 0.21092278719397364 0.02875 0.060263653483992465
1 0.490625 0.20527306967984935 0.03625 0.064030131826742
1 0.445625 0.06685499058380415 0.01375 0.01694915254237288
