1 0.7620192307692307 0.3421686746987952 0.10096153846153846 0.12530120481927712
1 0.9038461538461539 0.37710843373493974 0.0625 0.07951807228915662
1 0.4651442307692308 0.3746987951807229 0.04567307692307692 0.06987951807228916
1 0.6502403846153846 0.3072289156626506 0.11298076923076923 0.14216867469879518
1 0.19471153846153846 0.3397590361445783 0.07692307692307693 0.11566265060240964
1 0.5889423076923077 0.3566265060240964 0.057692307692307696 0.09156626506024096
1 0.4098557692307692 0.3746987951807229 0.040865384615384616 0.06987951807228916
1 0.38341346153846156 0.3759036144578313 0.04567307692307692 0.06746987951807229
1 0.9759615384615384 0.38433734939759034 0.038461538461538464 0.05542168674698795
1 0.08653846153846154 0.36265060240963853 0.16826923076923078 0.3301204819277108
1 0.2980769230769231 0.37710843373493974 0.03365384615384615 0.04578313253012048
1 0.33653846153846156 0.3891566265060241 0.03365384615384615 0.05542168674698795
1 0.5528846153846154 0.3746987951807229 0.03365384615384615 0.08433734939759036
1 0.5252403846153846 0.39879518072289155 0.04567307692307692 0.06506024096385542
1 0.7632211538461539 0.027710843373493974 0.10336538461538461 0.05542168674698795
1 0.6490384615384616 0.04939759036144578 0.11538461538461539 0.09879518072289156
1 0.19591346153846154 0.02650602409638554 0.07932692307692307 0.05301204819277108
1 0.5901442307692307 0.012048192771084338 0.06009615384615385 0.024096385542168676
1 0.08774038461538461 0.06867469879518072 0.17067307692307693 0.13734939759036144
