1 0.5072115384615384 0.5349397590361445 0.0673076923076923 0.08674698795180723
1 0.17067307692307693 0.5096385542168674 0.0673076923076923 0.06987951807228916
1 0.1502403846153846 0.5855421686746988 0.11778846153846154 0.1108433734939759
1 0.33052884615384615 0.5855421686746988 0.10336538461538461 0.12048192771084337
1 0.06490384615384616 0.5590361445783133 0.09134615384615384 0.07710843373493977
1 0.055288461538461536 0.4867469879518072 0.057692307692307696 0.05783132530120482
1 0.33052884615384615 0.4650602409638554 0.03125 0.033734939759036145
1 0.42908653846153844 0.4951807228915663 0.036057692307692304 0.03614457831325301
1 0.4735576923076923 0.4939759036144578 0.03365384615384615 0.043373493975903614
1 0.7295673076923077 0.5265060240963856 0.040865384615384616 0.04096385542168675
1 0.6346153846153846 0.5012048192771085 0.028846153846153848 0.03855421686746988
1 0.5973557692307693 0.5108433734939759 0.03125 0.043373493975903614
1 0.5492788461538461 0.5036144578313253 0.03125 0.03855421686746988
