1 0.5132211538461539 0.30408653846153844 0.17548076923076922 0.19951923076923078
1 0.6117788461538461 0.1971153846153846 0.13221153846153846 0.13942307692307693
0 0.16346153846153846 0.23076923076923078 0.13942307692307693 0.1778846153846154
0 0.29927884615384615 0.25600961538461536 0.13221153846153846 0.14182692307692307
0 0.7512019230769231 0.20192307692307693 0.23317307692307693 0.14903846153846154
0 0.9350961538461539 0.22235576923076922 0.1201923076923077 0.15144230769230768
1 0.5120192307692307 0.02403846153846154 0.1778846153846154 0.04807692307692308
1 0.6105769230769231 0.0625 0.1346153846153846 0.125
0 0.16466346153846154 0.055288461538461536 0.14182692307692307 0.11057692307692307
0 0.2980769230769231 0.03365384615384615 0.1346153846153846 0.0673076923076923
0 0.75 0.0625 0.23557692307692307 0.125
0 0.9362980769230769 0.052884615384615384 0.12259615384615384 0.10576923076923077
