0 0.10222222222222223 0.18833333333333332 0.08 0.13
0 0.16777777777777778 0.175 0.051111111111111114 0.11
1 0.27444444444444444 0.18166666666666667 0.06 0.11666666666666667
0 0.35444444444444445 0.2 0.042222222222222223 0.08
0 0.3933333333333333 0.16666666666666666 0.06222222222222222 0.11333333333333333
0 0.44 0.16666666666666666 0.044444444444444446 0.1
0 0.4722222222222222 0.2 0.03777777777777778 0.06
0 0.5611111111111111 0.16833333333333333 0.051111111111111114 0.09666666666666666
0 0.6288888888888889 0.18166666666666667 0.05333333333333334 0.09666666666666666
0 0.6822222222222222 0.20166666666666666 0.02666666666666667 0.07
0 0.7044444444444444 0.18666666666666668 0.044444444444444446 0.08666666666666667
0 0.7477777777777778 0.165 0.07333333333333333 0.13
0 0.8 0.18166666666666667 0.057777777777777775 0.10333333333333333
0 0.8833333333333333 0.13333333333333333 0.08222222222222222 0.15333333333333332
0 0.9688888888888889 0.15 0.06222222222222222 0.12666666666666668
