1 0.20192307692307693 0.3710843373493976 0.0673076923076923 0.09156626506024096
1 0.4206730769230769 0.3385542168674699 0.07211538461538461 0.0891566265060241
1 0.8713942307692307 0.37349397590361444 0.11778846153846154 0.10602409638554217
1 0.7439903846153846 0.38072289156626504 0.06971153846153846 0.08674698795180723
1 0.10697115384615384 0.372289156626506 0.11298076923076923 0.13253012048192772
1 0.9699519230769231 0.3566265060240964 0.055288461538461536 0.10602409638554217
1 0.5336538461538461 0.36987951807228914 0.052884615384615384 0.07951807228915662
1 0.8209134615384616 0.3759036144578313 0.06971153846153846 0.0819277108433735
1 0.5853365384615384 0.38313253012048193 0.036057692307692304 0.05783132530120482
1 0.6586538461538461 0.38072289156626504 0.04807692307692308 0.06746987951807229
1 0.625 0.39759036144578314 0.03365384615384615 0.05783132530120482
1 0.421875 0.020481927710843374 0.07451923076923077 0.04096385542168675
1 0.10576923076923077 0.014457831325301205 0.11538461538461539 0.02891566265060241
1 0.96875 0.01566265060240964 0.057692307692307696 0.03132530120481928
