1 0.014 0.33933933933933935 0.024 0.15615615615615616
1 0.041 0.3138138138138138 0.058 0.12912912912912913
1 0.094 0.32432432432432434 0.088 0.15615615615615616
1 0.158 0.32432432432432434 0.056 0.12612612612612611
1 0.199 0.3183183183183183 0.038 0.09009009009009009
0 0.258 0.28678678678678676 0.072 0.12912912912912913
1 0.308 0.3408408408408408 0.048 0.10510510510510511
1 0.352 0.31681681681681684 0.048 0.10510510510510511
0 0.396 0.31981981981981983 0.056 0.1111111111111111
0 0.467 0.3003003003003003 0.05 0.11411411411411411
0 0.536 0.3033033033033033 0.056 0.10810810810810811
1 0.605 0.3138138138138138 0.034 0.0990990990990991
1 0.64 0.33183183183183185 0.052 0.12912912912912913
1 0.674 0.3303303303303303 0.032 0.0960960960960961
1 0.713 0.31981981981981983 0.042 0.09309309309309309
0 0.765 0.30930930930930933 0.058 0.11411411411411411
1 0.868 0.2972972972972973 0.068 0.12012012012012012
1 0.942 0.3123123123123123 0.064 0.13213213213213212
