1 0.8894230769230769 0.6358173076923077 0.04807692307692308 0.055288461538461536
1 0.28725961538461536 0.25600961538461536 0.04567307692307692 0.05048076923076923
1 0.34375 0.6370192307692307 0.04326923076923077 0.04326923076923077
0 0.6490384615384616 0.25841346153846156 0.04807692307692308 0.04567307692307692
0 0.43149038461538464 0.6706730769230769 0.036057692307692304 0.04326923076923077
0 0.7848557692307693 0.6634615384615384 0.036057692307692304 0.04326923076923077
0 0.9795673076923077 0.6935096153846154 0.036057692307692304 0.04567307692307692
0 0.018028846153846152 0.6658653846153846 0.03125 0.04326923076923077
1 0.28725961538461536 0.05889423076923077 0.04567307692307692 0.05048076923076923
0 0.6490384615384616 0.056490384615384616 0.04807692307692308 0.04567307692307692
0 0.43028846153846156 0.9927884615384616 0.038461538461538464 0.009615384615384616
0 0.9783653846153846 0.9807692307692307 0.038461538461538464 0.03365384615384615
