1 0.05048076923076923 0.41204819277108434 0.057692307692307696 0.09156626506024096
1 0.1935096153846154 0.42289156626506025 0.055288461538461536 0.06987951807228916
1 0.84375 0.44096385542168676 0.057692307692307696 0.07228915662650602
1 0.5709134615384616 0.42891566265060244 0.055288461538461536 0.06746987951807229
1 0.4206730769230769 0.42409638554216866 0.04807692307692308 0.07228915662650602
1 0.5144230769230769 0.43132530120481927 0.038461538461538464 0.05783132530120482
1 0.7548076923076923 0.45903614457831327 0.04807692307692308 0.060240963855421686
1 0.3581730769230769 0.43373493975903615 0.03365384615384615 0.05783132530120482
1 0.109375 0.44819277108433736 0.03125 0.05301204819277108
1 0.15384615384615385 0.4493975903614458 0.04326923076923077 0.05542168674698795
1 0.25600961538461536 0.45180722891566266 0.04567307692307692 0.05542168674698795
1 0.3269230769230769 0.4506024096385542 0.04326923076923077 0.06265060240963856
1 0.6454326923076923 0.43855421686746987 0.040865384615384616 0.06265060240963856
1 0.9411057692307693 0.4710843373493976 0.03125 0.03614457831325301
1 0.9831730769230769 0.4819277108433735 0.02403846153846154 0.03855421686746988
