0 0.2625 0.56 0.041666666666666664 0.075
0 0.38916666666666666 0.535 0.028333333333333332 0.05
1 0.35333333333333333 0.525 0.043333333333333335 0.085
1 0.43666666666666665 0.54125 0.03 0.0575
1 0.4708333333333333 0.52875 0.021666666666666667 0.0425
0 0.5191666666666667 0.5325 0.015 0.035
1 0.5383333333333333 0.5325 0.016666666666666666 0.03
1 0.5616666666666666 0.5425 0.04 0.08
1 0.6266666666666667 0.53625 0.02666666666666667 0.0575
1 0.6766666666666666 0.52375 0.03 0.0525
1 0.7066666666666667 0.50625 0.013333333333333334 0.0275
1 0.7733333333333333 0.4875 0.04666666666666667 0.085
