1 0.7331730769230769 0.3746987951807229 0.11057692307692307 0.13253012048192772
1 0.24278846153846154 0.3265060240963855 0.11057692307692307 0.16626506024096385
1 0.5889423076923077 0.4036144578313253 0.0673076923076923 0.09397590361445783
1 0.4891826923076923 0.36987951807228914 0.08413461538461539 0.12289156626506025
1 0.36899038461538464 0.372289156626506 0.12259615384615384 0.16626506024096385
1 0.057692307692307696 0.3963855421686747 0.11057692307692307 0.15180722891566265
1 0.6670673076923077 0.4963855421686747 0.13221153846153846 0.13012048192771083
1 0.734375 0.01325301204819277 0.11298076923076923 0.02650602409638554
1 0.2439903846153846 0.04578313253012048 0.11298076923076923 0.09156626506024096
1 0.4879807692307692 0.01325301204819277 0.08653846153846154 0.02650602409638554
1 0.36778846153846156 0.02289156626506024 0.125 0.04578313253012048
