1 0.14783653846153846 0.3216867469879518 0.07932692307692307 0.11325301204819277
1 0.41586538461538464 0.3542168674698795 0.0625 0.0819277108433735
1 0.5817307692307693 0.363855421686747 0.057692307692307696 0.07228915662650602
0 0.25240384615384615 0.3686746987951807 0.0673076923076923 0.07710843373493977
0 0.0889423076923077 0.3421686746987952 0.052884615384615384 0.06746987951807229
0 0.30528846153846156 0.4614457831325301 0.028846153846153848 0.03614457831325301
0 0.6418269230769231 0.44457831325301206 0.03365384615384615 0.04096385542168675
1 0.921875 0.4457831325301205 0.036057692307692304 0.04819277108433735
0 0.8305288461538461 0.45542168674698796 0.026442307692307692 0.033734939759036145
0 0.7019230769230769 0.4493975903614458 0.03365384615384615 0.03614457831325301
