1 0.3798076923076923 0.36265060240963853 0.11538461538461539 0.14216867469879518
1 0.13701923076923078 0.3493975903614458 0.07692307692307693 0.0819277108433735
1 0.23317307692307693 0.3457831325301205 0.09615384615384616 0.09879518072289156
1 0.4987980769230769 0.2963855421686747 0.04567307692307692 0.05783132530120482
1 0.8725961538461539 0.41325301204819276 0.16826923076923078 0.20481927710843373
1 0.6057692307692307 0.3265060240963855 0.04807692307692308 0.04578313253012048
1 0.9206730769230769 0.28674698795180725 0.03365384615384615 0.033734939759036145
1 0.38100961538461536 0.021686746987951807 0.11778846153846154 0.043373493975903614
1 0.13822115384615385 0.01325301204819277 0.07932692307692307 0.02650602409638554
1 0.234375 0.01927710843373494 0.0985576923076923 0.03855421686746988
1 0.4987980769230769 0.03614457831325301 0.04567307692307692 0.05783132530120482
1 0.6069711538461539 0.01566265060240964 0.05048076923076923 0.03132530120481928
1 0.9206730769230769 0.04578313253012048 0.03365384615384615 0.033734939759036145
