1 0.6790865384615384 0.31204819277108437 0.07932692307692307 0.09879518072289156
1 0.4411057692307692 0.28674698795180725 0.06971153846153846 0.10120481927710843
1 0.21514423076923078 0.28795180722891567 0.0985576923076923 0.12289156626506025
1 0.8076923076923077 0.3036144578313253 0.09134615384615384 0.1108433734939759
1 0.7560096153846154 0.3542168674698795 0.04567307692307692 0.07228915662650602
1 0.49759615384615385 0.3301204819277108 0.04807692307692308 0.05301204819277108
1 0.34375 0.3686746987951807 0.04326923076923077 0.05783132530120482
1 0.6358173076923077 0.3506024096385542 0.055288461538461536 0.0746987951807229
1 0.6778846153846154 0.03614457831325301 0.08173076923076923 0.07228915662650602
1 0.43990384615384615 0.04939759036144578 0.07211538461538461 0.09879518072289156
1 0.21394230769230768 0.05421686746987952 0.10096153846153846 0.10843373493975904
1 0.8088942307692307 0.043373493975903614 0.09375 0.08674698795180723
1 0.7548076923076923 0.008433734939759036 0.04807692307692308 0.016867469879518072
1 0.4987980769230769 0.01566265060240964 0.05048076923076923 0.03132530120481928
1 0.6346153846153846 0.010843373493975903 0.057692307692307696 0.021686746987951807
