1 0.3016826923076923 0.4483173076923077 0.055288461538461536 0.06971153846153846
1 0.6899038461538461 0.4266826923076923 0.0625 0.06009615384615385
1 0.8461538461538461 0.4338942307692308 0.057692307692307696 0.06490384615384616
1 0.47596153846153844 0.2800480769230769 0.038461538461538464 0.04567307692307692
1 0.7800480769230769 0.25841346153846156 0.040865384615384616 0.05048076923076923
0 0.5901442307692307 0.23317307692307693 0.04567307692307692 0.04807692307692308
0 0.8641826923076923 0.22355769230769232 0.04567307692307692 0.057692307692307696
1 0.47596153846153844 0.030048076923076924 0.038461538461538464 0.04567307692307692
1 0.7800480769230769 0.051682692307692304 0.040865384615384616 0.05048076923076923
0 0.5901442307692307 0.07451923076923077 0.04567307692307692 0.04807692307692308
0 0.8641826923076923 0.08413461538461539 0.04567307692307692 0.057692307692307696
