1 0.73625 0.60453125 0.007083333333333333 0.0134375
1 0.7296875 0.600625 0.005625 0.010625
1 0.6933333333333334 0.609375 0.004166666666666667 0.006875
1 0.6932291666666667 0.56625 0.0027083333333333334 0.005
1 0.716875 0.57671875 0.002916666666666667 0.0053125
1 0.7026041666666667 0.5846875 0.0027083333333333334 0.004375
1 0.77375 0.591875 0.0025 0.003125
1 0.8219791666666667 0.58453125 0.0022916666666666667 0.0040625
1 0.9175 0.6015625 0.006666666666666667 0.010625
1 0.9232291666666667 0.59875 0.005625 0.01
1 0.9359375 0.5934375 0.006458333333333333 0.009375
1 0.9659375 0.58640625 0.023541666666666666 0.0290625
1 0.5280208333333334 0.60984375 0.004791666666666666 0.0084375
1 0.5492708333333334 0.605 0.004375 0.006875
1 0.24614583333333334 0.6103125 0.035208333333333335 0.06125
1 0.20510416666666667 0.62234375 0.003125 0.0046875
1 0.1921875 0.62203125 0.003125 0.0053125
1 0.3097916666666667 0.6115625 0.0025 0.00375
1 0.3165625 0.6121875 0.0022916666666666667 0.00375
1 0.045208333333333336 0.616875 0.0033333333333333335 0.005
1 0.1675 0.589375 0.0020833333333333333 0.00375
1 0.005729166666666666 0.6096875 0.0022916666666666667 0.00375
