1 0.5360576923076923 0.24278846153846154 0.10576923076923077 0.14423076923076922
1 0.6574519230769231 0.5649038461538461 0.0889423076923077 0.12980769230769232
1 0.31009615384615385 0.3329326923076923 0.09615384615384616 0.11778846153846154
1 0.5925480769230769 0.5697115384615384 0.09375 0.10576923076923077
1 0.7836538461538461 0.2668269230769231 0.17307692307692307 0.18269230769230768
1 0.25600961538461536 0.34375 0.06009615384615385 0.07211538461538461
0 0.9278846153846154 0.23798076923076922 0.13942307692307693 0.21634615384615385
1 0.5372596153846154 0.040865384615384616 0.10817307692307693 0.08173076923076923
1 0.7848557692307693 0.038461538461538464 0.17548076923076922 0.07692307692307693
0 0.9290865384615384 0.06129807692307692 0.14182692307692307 0.12259615384615384
