1 0.05545454545454546 0.23024523160762944 0.02727272727272727 0.051771117166212535
1 0.3563636363636364 0.23433242506811988 0.05090909090909091 0.09809264305177112
1 0.5763636363636364 0.2016348773841962 0.02181818181818182 0.043596730245231606
1 0.13545454545454547 0.21934604904632152 0.07454545454545454 0.13896457765667575
1 0.27636363636363637 0.23433242506811988 0.06545454545454546 0.11444141689373297
0 0.23727272727272727 0.23160762942779292 0.02 0.03814713896457766
1 0.4536363636363636 0.2098092643051771 0.06727272727272728 0.11444141689373297
0 0.40636363636363637 0.273841961852861 0.016363636363636365 0.02997275204359673
0 0.5336363636363637 0.2356948228882834 0.016363636363636365 0.035422343324250684
0 0.6090909090909091 0.20708446866485014 0.01818181818181818 0.0326975476839237
1 0.6836363636363636 0.22343324250681199 0.07636363636363637 0.1362397820163488
1 0.7890909090909091 0.22343324250681199 0.06181818181818182 0.1307901907356948
