1 0.5540865384615384 0.4734939759036145 0.026442307692307692 0.04096385542168675
1 0.23798076923076922 0.45903614457831327 0.07692307692307693 0.09879518072289156
1 0.3918269230769231 0.4807228915662651 0.057692307692307696 0.060240963855421686
1 0.5829326923076923 0.4734939759036145 0.021634615384615384 0.04578313253012048
1 0.6706730769230769 0.46987951807228917 0.03365384615384615 0.043373493975903614
1 0.7103365384615384 0.463855421686747 0.04567307692307692 0.060240963855421686
1 0.7956730769230769 0.4879518072289157 0.052884615384615384 0.060240963855421686
1 0.8149038461538461 0.4530120481927711 0.04326923076923077 0.06265060240963856
1 0.8930288461538461 0.4650602409638554 0.06971153846153846 0.0819277108433735
0 0.6081730769230769 0.4734939759036145 0.04326923076923077 0.060240963855421686
