0 0.04833333333333333 0.64125 0.09333333333333334 0.1375
0 0.07166666666666667 0.52375 0.05333333333333334 0.0775
0 0.07583333333333334 0.6075 0.07833333333333334 0.1
0 0.2025 0.52625 0.03833333333333333 0.0775
0 0.22583333333333333 0.54875 0.045 0.0875
0 0.26166666666666666 0.5475 0.06 0.115
0 0.2841666666666667 0.62875 0.09833333333333333 0.1275
0 0.29 0.50125 0.03333333333333333 0.0575
0 0.3275 0.53875 0.041666666666666664 0.0625
0 0.3625 0.49 0.035 0.055
0 0.3933333333333333 0.49 0.03666666666666667 0.06
0 0.4058333333333333 0.56625 0.055 0.0875
0 0.45916666666666667 0.5925 0.065 0.105
0 0.4508333333333333 0.51875 0.041666666666666664 0.0675
0 0.5291666666666667 0.435 0.045 0.065
0 0.5383333333333333 0.6275 0.08 0.14
0 0.5233333333333333 0.5625 0.06 0.095
0 0.565 0.49625 0.03 0.0475
0 0.595 0.51625 0.03333333333333333 0.0575
0 0.6291666666666667 0.505 0.03166666666666667 0.055
0 0.6275 0.605 0.07166666666666667 0.095
0 0.6516666666666666 0.78 0.11666666666666667 0.185
0 0.7483333333333333 0.61625 0.08333333333333333 0.1375
0 0.6841666666666667 0.5225 0.03833333333333333 0.07
0 0.7791666666666667 0.55625 0.04833333333333333 0.0775
0 0.8775 0.53875 0.055 0.0725
0 0.9341666666666667 0.5875 0.065 0.095
0 0.855 0.73875 0.12333333333333334 0.1625
