1 0.7944711538461539 0.35336538461538464 0.20432692307692307 0.23557692307692307
1 0.37740384615384615 0.28725961538461536 0.1875 0.21875
1 0.4831730769230769 0.4014423076923077 0.11057692307692307 0.1346153846153846
1 0.6334134615384616 0.42788461538461536 0.15625 0.16346153846153846
1 0.16706730769230768 0.375 0.1466346153846154 0.12980769230769232
1 0.046875 0.3425480769230769 0.07451923076923077 0.0889423076923077
1 0.17548076923076922 0.30649038461538464 0.10576923076923077 0.0985576923076923
1 0.07091346153846154 0.2980769230769231 0.05048076923076923 0.057692307692307696
1 0.7932692307692307 0.04447115384615385 0.20673076923076922 0.0889423076923077
1 0.3786057692307692 0.0733173076923077 0.18990384615384615 0.1466346153846154
1 0.04567307692307692 0.013221153846153846 0.07692307692307693 0.026442307692307692
1 0.17668269230769232 0.03365384615384615 0.10817307692307693 0.0673076923076923
1 0.06971153846153846 0.027644230769230768 0.052884615384615384 0.055288461538461536
