1 0.4807692307692308 0.5769230769230769 0.08173076923076923 0.09134615384615384
1 0.125 0.5829326923076923 0.07692307692307693 0.09375
1 0.28365384615384615 0.5829326923076923 0.07692307692307693 0.07451923076923077
1 0.625 0.6418269230769231 0.0673076923076923 0.08173076923076923
1 0.31971153846153844 0.578125 0.038461538461538464 0.07932692307692307
0 0.4014423076923077 0.3269230769230769 0.07692307692307693 0.07211538461538461
0 0.6730769230769231 0.6141826923076923 0.04326923076923077 0.04567307692307692
0 0.5853365384615384 0.6358173076923077 0.036057692307692304 0.06490384615384616
0 0.16947115384615385 0.6322115384615384 0.05048076923076923 0.0673076923076923
1 0.037259615384615384 0.5817307692307693 0.07451923076923077 0.09615384615384616
0 0.008413461538461538 0.6334134615384616 0.016826923076923076 0.06971153846153846
