1 0.17668269230769232 0.5385542168674698 0.06009615384615385 0.06987951807228916
1 0.2704326923076923 0.5313253012048192 0.06490384615384616 0.06987951807228916
1 0.3629807692307692 0.5289156626506024 0.057692307692307696 0.06506024096385542
1 0.4170673076923077 0.5048192771084338 0.06971153846153846 0.0891566265060241
1 0.5072115384615384 0.5337349397590362 0.052884615384615384 0.0746987951807229
1 0.5889423076923077 0.5120481927710844 0.057692307692307696 0.10361445783132531
1 0.6442307692307693 0.4951807228915663 0.038461538461538464 0.060240963855421686
1 0.7524038461538461 0.5421686746987951 0.04807692307692308 0.07228915662650602
1 0.8617788461538461 0.472289156626506 0.07932692307692307 0.10120481927710843
1 0.9711538461538461 0.5277108433734939 0.03365384615384615 0.05783132530120482
