1 0.08875 0.2932330827067669 0.0375 0.06015037593984962
1 0.09625 0.8383458646616542 0.0375 0.06015037593984962
1 0.22875 0.8101503759398496 0.0375 0.05639097744360902
1 0.32125 0.7011278195488722 0.0375 0.05639097744360902
1 0.375 0.7274436090225563 0.035 0.05639097744360902
1 0.36125 0.5958646616541353 0.0325 0.05639097744360902
1 0.42375 0.5469924812030075 0.0325 0.05639097744360902
1 0.5875 0.8458646616541353 0.04 0.07518796992481203
1 0.70875 0.8026315789473685 0.0375 0.07142857142857142
1 0.76875 0.7142857142857143 0.0325 0.06766917293233082
1 0.8475 0.5958646616541353 0.035 0.05639097744360902
1 0.85125 0.4830827067669173 0.0325 0.04887218045112782
1 0.65 0.43796992481203006 0.025 0.04887218045112782
1 0.6425 0.5902255639097744 0.025 0.045112781954887216
0 0.7325 0.2819548872180451 0.025 0.045112781954887216
1 0.59625 0.9097744360902256 0.0425 0.06766917293233082
1 0.8725 0.2857142857142857 0.02 0.03759398496240601
