1 0.164 0.27177177177177175 0.064 0.13513513513513514
1 0.209 0.3183183183183183 0.03 0.06606606606606606
0 0.261 0.2987987987987988 0.046 0.09309309309309309
0 0.381 0.26126126126126126 0.05 0.10810810810810811
0 0.411 0.26126126126126126 0.026 0.07807807807807808
0 0.467 0.2882882882882883 0.034 0.07207207207207207
0 0.499 0.27177177177177175 0.042 0.08708708708708708
0 0.629 0.2672672672672673 0.054 0.10810810810810811
0 0.796 0.26876876876876876 0.048 0.09309309309309309
1 0.724 0.2957957957957958 0.044 0.08708708708708708
1 0.58 0.2852852852852853 0.044 0.0960960960960961
