0 0.09158415841584158 0.5654761904761905 0.07425742574257425 0.09391534391534391
0 0.04257425742574258 0.5317460317460317 0.04554455445544554 0.06349206349206349
1 0.1405940594059406 0.5251322751322751 0.061386138613861385 0.10582010582010581
1 0.22772277227722773 0.5376984126984127 0.04950495049504951 0.09656084656084656
1 0.9014851485148515 0.5687830687830688 0.08217821782178218 0.12433862433862433
0 0.9821782178217822 0.5687830687830688 0.03564356435643564 0.09259259259259259
0 0.8341584158415841 0.5720899470899471 0.054455445544554455 0.08068783068783068
0 0.7351485148514851 0.5357142857142857 0.04257425742574258 0.082010582010582
0 0.7673267326732673 0.5423280423280423 0.03564356435643564 0.0582010582010582
0 0.6331683168316832 0.5654761904761905 0.0504950495049505 0.07275132275132275
0 0.5975247524752475 0.5403439153439153 0.03861386138613861 0.062169312169312166
1 0.5762376237623762 0.5436507936507936 0.009900990099009901 0.013227513227513227
0 0.5 0.546957671957672 0.041584158415841586 0.06481481481481481
0 0.46633663366336636 0.5376984126984127 0.027722772277227723 0.03835978835978836
0 0.4099009900990099 0.5542328042328042 0.055445544554455446 0.09523809523809523
0 0.37326732673267327 0.548941798941799 0.03564356435643564 0.07142857142857142
0 0.345049504950495 0.5376984126984127 0.030693069306930693 0.046296296296296294
