1 0.8881818181818182 0.5150273224043715 0.14 0.20491803278688525
0 0.8709090909090909 0.3620218579234973 0.03636363636363636 0.07377049180327869
0 0.8127272727272727 0.38934426229508196 0.05454545454545454 0.07923497267759563
0 0.74 0.412568306010929 0.06181818181818182 0.08196721311475409
0 0.7445454545454545 0.5136612021857924 0.09272727272727273 0.10382513661202186
0 0.7654545454545455 0.34562841530054644 0.04 0.06284153005464481
0 0.7945454545454546 0.33879781420765026 0.025454545454545455 0.04371584699453552
0 0.7390909090909091 0.3237704918032787 0.03090909090909091 0.040983606557377046
0 0.6736363636363636 0.3770491803278688 0.04909090909090909 0.08196721311475409
0 0.6763636363636364 0.32103825136612024 0.03636363636363636 0.04644808743169399
0 0.61 0.31693989071038253 0.02727272727272727 0.04371584699453552
0 0.5936363636363636 0.3551912568306011 0.03090909090909091 0.060109289617486336
0 0.5672727272727273 0.3633879781420765 0.025454545454545455 0.0546448087431694
0 0.59 0.29918032786885246 0.012727272727272728 0.02459016393442623
0 0.5372727272727272 0.3319672131147541 0.02727272727272727 0.05191256830601093
0 0.5427272727272727 0.30191256830601093 0.023636363636363636 0.02459016393442623
0 0.4863636363636364 0.3319672131147541 0.02727272727272727 0.05737704918032787
0 0.4581818181818182 0.31010928961748635 0.02181818181818182 0.040983606557377046
0 0.4309090909090909 0.337431693989071 0.02909090909090909 0.05737704918032787
0 0.4409090909090909 0.2923497267759563 0.012727272727272728 0.02185792349726776
0 0.3663636363636364 0.31010928961748635 0.02727272727272727 0.04644808743169399
0 0.3472727272727273 0.31693989071038253 0.014545454545454545 0.03278688524590164
0 0.32636363636363636 0.33879781420765026 0.02727272727272727 0.04918032786885246
0 0.3054545454545455 0.3483606557377049 0.025454545454545455 0.04644808743169399
