1 0.18389423076923078 0.4759036144578313 0.06971153846153846 0.07951807228915662
1 0.3245192307692308 0.4879518072289157 0.057692307692307696 0.06987951807228916
1 0.9543269230769231 0.4939759036144578 0.04807692307692308 0.06265060240963856
1 0.22716346153846154 0.4939759036144578 0.04567307692307692 0.05783132530120482
1 0.5985576923076923 0.4855421686746988 0.03365384615384615 0.060240963855421686
1 0.6466346153846154 0.5036144578313253 0.028846153846153848 0.04819277108433735
1 0.8173076923076923 0.4963855421686747 0.038461538461538464 0.05301204819277108
1 0.7199519230769231 0.5216867469879518 0.026442307692307692 0.03614457831325301
0 0.6923076923076923 0.5060240963855421 0.04326923076923077 0.05783132530120482
0 0.5685096153846154 0.4855421686746988 0.04567307692307692 0.060240963855421686
0 0.45913461538461536 0.4951807228915663 0.052884615384615384 0.060240963855421686
