1 0.07666666666666666 0.6366666666666667 0.11777777777777777 0.22666666666666666
1 0.1811111111111111 0.7033333333333334 0.14888888888888888 0.29333333333333333
1 0.3477777777777778 0.46166666666666667 0.09555555555555556 0.20333333333333334
1 0.32222222222222224 0.2816666666666667 0.05333333333333334 0.11666666666666667
1 0.2922222222222222 0.28833333333333333 0.028888888888888888 0.07666666666666666
1 0.39 0.3 0.051111111111111114 0.08666666666666667
1 0.4255555555555556 0.37333333333333335 0.06888888888888889 0.12
1 0.4922222222222222 0.30666666666666664 0.051111111111111114 0.1
1 0.45111111111111113 0.25666666666666665 0.035555555555555556 0.06666666666666667
1 0.6144444444444445 0.325 0.06444444444444444 0.12333333333333334
1 0.5888888888888889 0.24333333333333335 0.04888888888888889 0.08666666666666667
1 0.5366666666666666 0.215 0.03777777777777778 0.07666666666666666
1 0.5811111111111111 0.185 0.03333333333333333 0.056666666666666664
1 0.8577777777777778 0.15833333333333333 0.02666666666666667 0.05
1 0.7811111111111111 0.18333333333333332 0.024444444444444446 0.06
1 0.8111111111111111 0.21 0.03111111111111111 0.06
1 0.76 0.15 0.017777777777777778 0.04
1 0.7733333333333333 0.27666666666666667 0.044444444444444446 0.09333333333333334
1 0.7166666666666667 0.19666666666666666 0.024444444444444446 0.04666666666666667
1 0.6933333333333334 0.17333333333333334 0.022222222222222223 0.04666666666666667
1 0.6522222222222223 0.18 0.028888888888888888 0.05333333333333334
1 0.7044444444444444 0.235 0.04 0.07666666666666666
1 0.7033333333333334 0.32 0.05555555555555555 0.1
1 0.61 0.19666666666666666 0.02 0.04666666666666667
