1 0.2980769230769231 0.44457831325301206 0.052884615384615384 0.06987951807228916
0 0.734375 0.43734939759036146 0.05048076923076923 0.07951807228915662
0 0.7944711538461539 0.41204819277108434 0.06009615384615385 0.07710843373493977
0 0.6117788461538461 0.43855421686746987 0.05048076923076923 0.06746987951807229
0 0.0829326923076923 0.4710843373493976 0.055288461538461536 0.060240963855421686
0 0.5300480769230769 0.43614457831325304 0.04567307692307692 0.05783132530120482
0 0.25240384615384615 0.4819277108433735 0.04807692307692308 0.05301204819277108
0 0.3798076923076923 0.4951807228915663 0.038461538461538464 0.05060240963855422
0 0.42427884615384615 0.4819277108433735 0.040865384615384616 0.06265060240963856
1 0.47716346153846156 0.43493975903614457 0.03125 0.04578313253012048
1 0.29927884615384615 0.01566265060240964 0.055288461538461536 0.03132530120481928
0 0.7331730769230769 0.021686746987951807 0.052884615384615384 0.043373493975903614
0 0.7932692307692307 0.033734939759036145 0.0625 0.06746987951807229
0 0.6105769230769231 0.018072289156626505 0.052884615384615384 0.03614457831325301
0 0.5288461538461539 0.016867469879518072 0.04807692307692308 0.033734939759036145
1 0.47596153846153844 0.014457831325301205 0.03365384615384615 0.02891566265060241
