1 0.6826923076923077 0.27524038461538464 0.08653846153846154 0.12740384615384615
1 0.38100961538461536 0.3545673076923077 0.11778846153846154 0.12740384615384615
1 0.7608173076923077 0.2536057692307692 0.13221153846153846 0.18028846153846154
1 0.36658653846153844 0.15264423076923078 0.06971153846153846 0.0889423076923077
1 0.27884615384615385 0.18870192307692307 0.03365384615384615 0.036057692307692304
1 0.44471153846153844 0.2247596153846154 0.04807692307692308 0.05048076923076923
1 0.6129807692307693 0.16706730769230768 0.057692307692307696 0.06490384615384616
1 0.5516826923076923 0.1935096153846154 0.036057692307692304 0.04567307692307692
1 0.421875 0.15504807692307693 0.05048076923076923 0.04567307692307692
1 0.9651442307692307 0.27403846153846156 0.06490384615384616 0.12980769230769232
1 0.9002403846153846 0.2536057692307692 0.13221153846153846 0.18028846153846154
1 0.052884615384615384 0.18870192307692307 0.03365384615384615 0.036057692307692304
