1 0.035 0.284 0.062 0.13066666666666665
1 0.148 0.2826666666666667 0.072 0.112
1 0.234 0.32266666666666666 0.096 0.14933333333333335
1 0.293 0.272 0.054 0.09066666666666667
1 0.355 0.288 0.078 0.13333333333333333
1 0.425 0.268 0.042 0.06666666666666667
1 0.467 0.31733333333333336 0.066 0.10666666666666667
1 0.513 0.30666666666666664 0.058 0.10133333333333333
1 0.558 0.268 0.036 0.056
1 0.585 0.2986666666666667 0.046 0.09066666666666667
1 0.641 0.256 0.046 0.096
1 0.674 0.28 0.028 0.058666666666666666
1 0.871 0.276 0.07 0.12
0 0.958 0.25333333333333335 0.036 0.07466666666666667
0 0.717 0.24933333333333332 0.038 0.06133333333333333
0 0.906 0.24933333333333332 0.028 0.06133333333333333
