1 0.8688 0.42804878048780487 0.0864 0.15365853658536585
1 0.7424 0.39878048780487807 0.0384 0.08536585365853659
1 0.6856 0.3829268292682927 0.0528 0.0975609756097561
1 0.6184 0.36829268292682926 0.0432 0.08780487804878048
1 0.5688 0.3646341463414634 0.0336 0.07560975609756097
1 0.5512 0.4219512195121951 0.0432 0.0975609756097561
1 0.4928 0.41341463414634144 0.0384 0.08536585365853659
1 0.4528 0.39634146341463417 0.0352 0.07560975609756097
1 0.4144 0.401219512195122 0.048 0.1
1 0.3856 0.41097560975609754 0.0288 0.06585365853658537
1 0.34 0.375609756097561 0.0368 0.08780487804878048
1 0.3128 0.38902439024390245 0.0272 0.06097560975609756
1 0.8232 0.38170731707317074 0.0432 0.1
