1 0.59375 0.3325301204819277 0.0625 0.0819277108433735
1 0.7752403846153846 0.3036144578313253 0.07932692307692307 0.07710843373493977
1 0.7283653846153846 0.3409638554216867 0.0625 0.10361445783132531
1 0.45072115384615385 0.3746987951807229 0.05048076923076923 0.06506024096385542
1 0.3629807692307692 0.39156626506024095 0.052884615384615384 0.05542168674698795
1 0.33533653846153844 0.41686746987951806 0.036057692307692304 0.03855421686746988
1 0.3112980769230769 0.39397590361445783 0.03125 0.02650602409638554
1 0.13341346153846154 0.40240963855421685 0.036057692307692304 0.033734939759036145
1 0.019230769230769232 0.2 0.03365384615384615 0.06746987951807229
1 0.22115384615384615 0.41445783132530123 0.028846153846153848 0.03855421686746988
1 0.24519230769230768 0.41927710843373495 0.02403846153846154 0.033734939759036145
1 0.5949519230769231 0.021686746987951807 0.06490384615384616 0.043373493975903614
1 0.7740384615384616 0.03493975903614458 0.08173076923076923 0.06987951807228916
1 0.7295673076923077 0.02289156626506024 0.06490384615384616 0.04578313253012048
1 0.019230769230769232 0.13253012048192772 0.03365384615384615 0.06746987951807229
