1 0.19831730769230768 0.28365384615384615 0.0889423076923077 0.11538461538461539
1 0.8353365384615384 0.22956730769230768 0.09375 0.12740384615384615
1 0.6165865384615384 0.2848557692307692 0.10336538461538461 0.14182692307692307
1 0.33774038461538464 0.27283653846153844 0.0985576923076923 0.13701923076923078
1 0.15985576923076922 0.31009615384615385 0.04567307692307692 0.08173076923076923
1 0.13701923076923078 0.31850961538461536 0.038461538461538464 0.06490384615384616
1 0.1971153846153846 0.02283653846153846 0.09134615384615384 0.04567307692307692
1 0.8341346153846154 0.052884615384615384 0.09615384615384616 0.10576923076923077
1 0.6153846153846154 0.028846153846153848 0.10576923076923077 0.057692307692307696
1 0.33653846153846156 0.03365384615384615 0.10096153846153846 0.0673076923076923
