0 0.3329326923076923 0.3132530120481928 0.06971153846153846 0.08674698795180723
0 0.49759615384615385 0.3433734939759036 0.0673076923076923 0.07951807228915662
0 0.109375 0.3289156626506024 0.08413461538461539 0.09397590361445783
0 0.703125 0.35542168674698793 0.06009615384615385 0.06987951807228916
0 0.6045673076923077 0.3650602409638554 0.05048076923076923 0.060240963855421686
0 0.8497596153846154 0.38072289156626504 0.06490384615384616 0.05783132530120482
0 0.4230769230769231 0.3650602409638554 0.04326923076923077 0.05060240963855422
0 0.3317307692307692 0.03253012048192771 0.07211538461538461 0.06506024096385542
0 0.4987980769230769 0.01566265060240964 0.06971153846153846 0.03132530120481928
0 0.10817307692307693 0.02650602409638554 0.08653846153846154 0.05301204819277108
0 0.7019230769230769 0.007228915662650603 0.0625 0.014457831325301205
