1 0.04485294117647059 0.2607843137254902 0.01911764705882353 0.0392156862745098
1 0.11102941176470588 0.2529411764705882 0.022058823529411766 0.03137254901960784
1 0.20073529411764707 0.28823529411764703 0.01911764705882353 0.03529411764705882
1 0.2514705882352941 0.2872549019607843 0.020588235294117647 0.03333333333333333
1 0.3301470588235294 0.4215686274509804 0.06911764705882353 0.12549019607843137
1 0.5551470588235294 0.5431372549019607 0.030882352941176472 0.058823529411764705
1 0.7375 0.39215686274509803 0.051470588235294115 0.08627450980392157
1 0.8176470588235294 0.3784313725490196 0.04411764705882353 0.08627450980392157
1 0.625 0.38823529411764707 0.058823529411764705 0.09803921568627451
1 0.15955882352941175 0.37549019607843137 0.075 0.13529411764705881
