1 0.18990384615384615 0.27524038461538464 0.11057692307692307 0.15144230769230768
1 0.8713942307692307 0.2824519230769231 0.12259615384615384 0.15625
1 0.6766826923076923 0.2800480769230769 0.10817307692307693 0.1466346153846154
1 0.4723557692307692 0.328125 0.0985576923076923 0.11778846153846154
1 0.4098557692307692 0.2764423076923077 0.08413461538461539 0.1201923076923077
1 0.2764423076923077 0.30288461538461536 0.08653846153846154 0.11538461538461539
1 0.18990384615384615 0.11177884615384616 0.11057692307692307 0.15144230769230768
1 0.8713942307692307 0.1045673076923077 0.12259615384615384 0.15625
1 0.6766826923076923 0.10697115384615384 0.10817307692307693 0.1466346153846154
1 0.47115384615384615 0.05889423076923077 0.10096153846153846 0.11778846153846154
1 0.4098557692307692 0.10817307692307693 0.08413461538461539 0.1201923076923077
1 0.2764423076923077 0.08173076923076923 0.08653846153846154 0.11538461538461539
