0 0.06610576923076923 0.4771084337349398 0.0889423076923077 0.10602409638554217
0 0.37740384615384615 0.4734939759036145 0.0673076923076923 0.0891566265060241
0 0.84375 0.46987951807228917 0.0673076923076923 0.07710843373493977
0 0.22235576923076922 0.5 0.11778846153846154 0.1614457831325301
0 0.7451923076923077 0.4927710843373494 0.10096153846153846 0.1180722891566265
0 0.6177884615384616 0.45542168674698796 0.04807692307692308 0.05783132530120482
0 0.515625 0.38433734939759034 0.04567307692307692 0.05060240963855422
0 0.5096153846153846 0.4542168674698795 0.057692307692307696 0.06506024096385542
0 0.6670673076923077 0.42891566265060244 0.040865384615384616 0.04819277108433735
0 0.9122596153846154 0.4530120481927711 0.055288461538461536 0.06265060240963856
0 0.9471153846153846 0.44216867469879517 0.04807692307692308 0.05060240963855422
