1 0.821875 0.39399624765478425 0.05375 0.10881801125703565
1 0.774375 0.38461538461538464 0.04125 0.10131332082551595
1 0.70875 0.38555347091932457 0.0375 0.07317073170731707
1 0.634375 0.3818011257035647 0.04125 0.08067542213883677
1 0.5875 0.3827392120075047 0.0325 0.06378986866791744
1 0.519375 0.3724202626641651 0.03625 0.08067542213883677
1 0.54625 0.3771106941838649 0.02 0.05628517823639775
1 0.56375 0.3827392120075047 0.02 0.04127579737335835
1 0.49125 0.39399624765478425 0.025 0.0525328330206379
1 0.440625 0.36866791744840527 0.03875 0.08067542213883677
1 0.385625 0.3705440900562852 0.04875 0.09568480300187618
1 0.33125 0.3874296435272045 0.0475 0.09193245778611632
1 0.271875 0.34896810506566606 0.07125 0.12382739212007504
1 0.46375 0.3893058161350844 0.0225 0.039399624765478425
