0 0.16947115384615385 0.3614457831325301 0.06971153846153846 0.08674698795180723
0 0.3485576923076923 0.3566265060240964 0.04807692307692308 0.07228915662650602
0 0.44350961538461536 0.3795180722891566 0.04567307692307692 0.06506024096385542
0 0.1141826923076923 0.3819277108433735 0.040865384615384616 0.060240963855421686
0 0.30408653846153844 0.3759036144578313 0.036057692307692304 0.05783132530120482
0 0.4879807692307692 0.38433734939759034 0.038461538461538464 0.05060240963855422
0 0.5420673076923077 0.3891566265060241 0.036057692307692304 0.04096385542168675
0 0.23918269230769232 0.3746987951807229 0.05048076923076923 0.05542168674698795
0 0.026442307692307692 0.39156626506024095 0.04326923076923077 0.04578313253012048
0 0.6009615384615384 0.39156626506024095 0.038461538461538464 0.04096385542168675
0 0.6862980769230769 0.363855421686747 0.04567307692307692 0.05783132530120482
0 0.7512019230769231 0.3855421686746988 0.03125 0.043373493975903614
0 0.16826923076923078 0.010843373493975903 0.07211538461538461 0.021686746987951807
0 0.34975961538461536 0.00963855421686747 0.05048076923076923 0.01927710843373494
