1 0.01144578313253012 0.4469835466179159 0.018072289156626505 0.03473491773308958
1 0.03795180722891566 0.44972577696526506 0.018072289156626505 0.029250457038391225
1 0.06626506024096386 0.4616087751371115 0.021686746987951807 0.038391224862888484
1 0.033734939759036145 0.5447897623400365 0.04096385542168675 0.07312614259597806
0 0.07349397590361446 0.5365630712979891 0.03855421686746988 0.0712979890310786
1 0.09337349397590361 0.4643510054844607 0.020481927710843374 0.03656307129798903
1 0.1210843373493976 0.5374771480804388 0.06626506024096386 0.1170018281535649
1 0.14698795180722893 0.46526508226691043 0.024096385542168676 0.04570383912248629
1 0.16927710843373495 0.45978062157221206 0.02289156626506024 0.04570383912248629
1 0.19457831325301206 0.49085923217550276 0.03253012048192771 0.06398537477148081
0 0.18433734939759036 0.5557586837294333 0.04578313253012048 0.08409506398537477
1 0.22108433734939759 0.4926873857404022 0.027710843373493974 0.06398537477148081
1 0.24518072289156626 0.4506398537477148 0.02530120481927711 0.04570383912248629
0 0.26867469879518074 0.576782449725777 0.05783132530120482 0.11151736745886655
0 0.2987951807228916 0.5164533820840951 0.02891566265060241 0.0603290676416819
1 0.2789156626506024 0.4469835466179159 0.020481927710843374 0.03473491773308958
0 0.31746987951807226 0.4616087751371115 0.02289156626506024 0.038391224862888484
1 0.36686746987951807 0.5237659963436929 0.056626506024096385 0.10054844606946983
1 0.405421686746988 0.4890310786106033 0.03253012048192771 0.0603290676416819
1 0.43253012048192774 0.4579524680073126 0.02891566265060241 0.04936014625228519
1 0.2536144578313253 0.38939670932358317 0.01325301204819277 0.025594149908592323
1 0.2783132530120482 0.3939670932358318 0.012048192771084338 0.02376599634369287
1 0.2993975903614458 0.3939670932358318 0.01325301204819277 0.02376599634369287
1 0.33192771084337347 0.3939670932358318 0.010843373493975903 0.02010968921389397
1 0.3506024096385542 0.3912248628884826 0.012048192771084338 0.021937842778793418
1 0.3680722891566265 0.38848263254113347 0.010843373493975903 0.02010968921389397
1 0.3933734939759036 0.3921389396709324 0.01325301204819277 0.02010968921389397
1 0.41686746987951806 0.3921389396709324 0.012048192771084338 0.02010968921389397
1 0.43614457831325304 0.38939670932358317 0.012048192771084338 0.018281535648994516
1 0.46626506024096387 0.3921389396709324 0.00963855421686747 0.02010968921389397
1 0.4831325301204819 0.38939670932358317 0.012048192771084338 0.021937842778793418
1 0.5036144578313253 0.38848263254113347 0.00963855421686747 0.02010968921389397
0 0.5271084337349398 0.3939670932358318 0.018072289156626505 0.031078610603290677
0 0.4879518072289157 0.43327239488117003 0.016867469879518072 0.025594149908592323
0 0.4536144578313253 0.44881170018281535 0.01566265060240964 0.031078610603290677
1 0.5566265060240964 0.386654478976234 0.012048192771084338 0.02010968921389397
1 0.5801204819277108 0.38391224862888484 0.010843373493975903 0.018281535648994516
1 0.6036144578313253 0.3912248628884826 0.014457831325301205 0.021937842778793418
1 0.6271084337349397 0.3912248628884826 0.01325301204819277 0.021937842778793418
1 0.6421686746987951 0.38939670932358317 0.012048192771084338 0.021937842778793418
1 0.6704819277108434 0.38848263254113347 0.01325301204819277 0.02376599634369287
1 0.6873493975903614 0.3875685557586837 0.01325301204819277 0.025594149908592323
1 0.7072289156626506 0.386654478976234 0.012048192771084338 0.02376599634369287
1 0.7409638554216867 0.3857404021937843 0.012048192771084338 0.025594149908592323
1 0.7620481927710844 0.3857404021937843 0.01325301204819277 0.021937842778793418
1 0.7849397590361445 0.386654478976234 0.01325301204819277 0.02010968921389397
0 0.7548192771084338 0.5411334552102377 0.04457831325301205 0.08775137111517367
1 0.5939759036144578 0.4424131627056673 0.024096385542168676 0.043875685557586835
1 0.6319277108433735 0.4579524680073126 0.030120481927710843 0.056672760511883
1 0.672289156626506 0.4469835466179159 0.024096385542168676 0.04204753199268738
1 0.6662650602409639 0.49177330895795246 0.03614457831325301 0.06581352833638025
1 0.6927710843373494 0.44789762340036565 0.01927710843373494 0.04021937842778794
0 0.7120481927710843 0.45886654478976235 0.02650602409638554 0.043875685557586835
1 0.7481927710843373 0.44149908592321757 0.021686746987951807 0.038391224862888484
0 0.7698795180722892 0.4844606946983547 0.03132530120481928 0.054844606946983544
1 0.7945783132530121 0.4789762340036563 0.020481927710843374 0.04021937842778794
1 0.8018072289156627 0.583180987202925 0.06144578313253012 0.113345521023766
1 0.8602409638554217 0.6160877513711152 0.07951807228915662 0.1316270566727605
0 0.8391566265060241 0.5018281535648994 0.027710843373493974 0.04570383912248629
1 0.8722891566265061 0.5082266910420475 0.03855421686746988 0.06946983546617916
0 0.9048192771084337 0.4926873857404022 0.021686746987951807 0.06398537477148081
1 0.936144578313253 0.49725776965265084 0.043373493975903614 0.08043875685557587
1 0.9795180722891567 0.4744058500914077 0.02650602409638554 0.04936014625228519
1 0.9855421686746988 0.5027422303473492 0.02891566265060241 0.062157221206581355
1 0.9843373493975903 0.5886654478976234 0.03132530120481928 0.10968921389396709
1 0.8313253012048193 0.4579524680073126 0.021686746987951807 0.038391224862888484
1 0.963855421686747 0.4469835466179159 0.01927710843373494 0.04570383912248629
