1 0.05289855072463768 0.4433551198257081 0.03333333333333333 0.0718954248366013
1 0.0782608695652174 0.44989106753812635 0.028985507246376812 0.058823529411764705
1 0.02753623188405797 0.4444444444444444 0.020289855072463767 0.05664488017429194
1 0.08840579710144927 0.42592592592592593 0.02608695652173913 0.04139433551198257
1 0.12101449275362319 0.42810457516339867 0.042028985507246375 0.07625272331154684
1 0.16594202898550725 0.42374727668845313 0.04492753623188406 0.08932461873638345
1 0.19057971014492753 0.4749455337690632 0.0536231884057971 0.10021786492374728
1 0.3471014492753623 0.355119825708061 0.042028985507246375 0.06535947712418301
1 0.3492753623188406 0.4335511982570806 0.057971014492753624 0.10457516339869281
1 0.4260869565217391 0.4411764705882353 0.06956521739130435 0.11982570806100218
1 0.5101449275362319 0.39651416122004357 0.08985507246376812 0.14814814814814814
1 0.5644927536231884 0.43790849673202614 0.04782608695652174 0.10457516339869281
1 0.29130434782608694 0.4422657952069717 0.03768115942028986 0.06971677559912855
1 0.6210144927536232 0.4139433551198257 0.0536231884057971 0.0915032679738562
1 0.6876811594202898 0.4150326797385621 0.05652173913043478 0.10675381263616558
1 0.6942028985507246 0.3474945533769063 0.0463768115942029 0.058823529411764705
1 0.7246376811594203 0.4226579520697168 0.034782608695652174 0.0915032679738562
1 0.782608695652174 0.40631808278867104 0.07536231884057971 0.11982570806100218
1 0.8601449275362318 0.40413943355119825 0.07101449275362319 0.11982570806100218
1 0.9659420289855073 0.5032679738562091 0.06811594202898551 0.2440087145969499
