1 0.21754807692307693 0.4675480769230769 0.06971153846153846 0.06009615384615385
1 0.28725961538461536 0.4807692307692308 0.040865384615384616 0.057692307692307696
1 0.38100961538461536 0.4807692307692308 0.04567307692307692 0.04807692307692308
1 0.40384615384615385 0.4651442307692308 0.028846153846153848 0.04567307692307692
1 0.4375 0.48197115384615385 0.028846153846153848 0.04567307692307692
1 0.48197115384615385 0.46875 0.036057692307692304 0.04807692307692308
1 0.5324519230769231 0.4735576923076923 0.03125 0.04326923076923077
1 0.5817307692307693 0.4651442307692308 0.04326923076923077 0.05048076923076923
1 0.6814903846153846 0.46033653846153844 0.04567307692307692 0.05048076923076923
1 0.7355769230769231 0.44711538461538464 0.04326923076923077 0.057692307692307696
