0 0.66 0.3742857142857143 0.03272727272727273 0.06285714285714286
0 0.46636363636363637 0.38571428571428573 0.034545454545454546 0.06285714285714286
0 0.36727272727272725 0.37714285714285717 0.03636363636363636 0.06857142857142857
0 0.19636363636363635 0.37714285714285717 0.04363636363636364 0.07428571428571429
1 0.41909090909090907 0.3842857142857143 0.023636363636363636 0.054285714285714284
1 0.3409090909090909 0.4042857142857143 0.023636363636363636 0.04857142857142857
1 0.5509090909090909 0.37285714285714283 0.025454545454545455 0.04857142857142857
1 0.58 0.3742857142857143 0.02909090909090909 0.05714285714285714
1 0.06181818181818182 0.3414285714285714 0.04727272727272727 0.10571428571428572
1 0.14181818181818182 0.41 0.03272727272727273 0.06571428571428571
1 0.02 0.38857142857142857 0.03272727272727273 0.06285714285714286
