1 0.040865384615384616 0.3108433734939759 0.0625 0.07228915662650602
1 0.3942307692307692 0.36265060240963853 0.057692307692307696 0.060240963855421686
1 0.3786057692307692 0.3325301204819277 0.06009615384615385 0.06265060240963856
1 0.5877403846153846 0.43012048192771085 0.04567307692307692 0.060240963855421686
1 0.7860576923076923 0.3674698795180723 0.04807692307692308 0.05060240963855422
1 0.6646634615384616 0.336144578313253 0.04567307692307692 0.05542168674698795
1 0.4879807692307692 0.344578313253012 0.04326923076923077 0.05783132530120482
1 0.5192307692307693 0.35542168674698793 0.038461538461538464 0.05542168674698795
1 0.24278846153846154 0.43614457831325304 0.038461538461538464 0.03855421686746988
1 0.042067307692307696 0.030120481927710843 0.06490384615384616 0.060240963855421686
1 0.37740384615384615 0.016867469879518072 0.0625 0.033734939759036145
1 0.6634615384615384 0.01325301204819277 0.04807692307692308 0.02650602409638554
1 0.4891826923076923 0.00963855421686747 0.04567307692307692 0.01927710843373494
