1 0.24615384615384617 0.28935185185185186 0.06461538461538462 0.11574074074074074
1 0.05615384615384615 0.35185185185185186 0.05692307692307692 0.09722222222222222
1 0.015384615384615385 0.3275462962962963 0.027692307692307693 0.10416666666666667
1 0.5930769230769231 0.5543981481481481 0.06307692307692307 0.10416666666666667
1 0.6953846153846154 0.5081018518518519 0.05846153846153846 0.09953703703703703
1 0.11461538461538462 0.31712962962962965 0.05692307692307692 0.10648148148148148
1 0.15692307692307692 0.3368055555555556 0.033846153846153845 0.09490740740740741
1 0.8976923076923077 0.27546296296296297 0.05076923076923077 0.10648148148148148
1 0.3453846153846154 0.3263888888888889 0.05692307692307692 0.10185185185185185
0 0.6692307692307692 0.5590277777777778 0.043076923076923075 0.08101851851851852
