0 0.14783653846153846 0.36778846153846156 0.06971153846153846 0.09134615384615384
0 0.25961538461538464 0.3918269230769231 0.0673076923076923 0.08653846153846154
0 0.3545673076923077 0.38341346153846156 0.06490384615384616 0.07932692307692307
0 0.025240384615384616 0.35216346153846156 0.04567307692307692 0.0985576923076923
0 0.06490384615384616 0.40024038461538464 0.052884615384615384 0.06971153846153846
0 0.19110576923076922 0.39783653846153844 0.05048076923076923 0.06971153846153846
0 0.44591346153846156 0.4110576923076923 0.04567307692307692 0.057692307692307696
0 0.49278846153846156 0.4098557692307692 0.03365384615384615 0.04567307692307692
0 0.5360576923076923 0.3858173076923077 0.04807692307692308 0.06971153846153846
1 0.5745192307692307 0.3786057692307692 0.04326923076923077 0.07451923076923077
