1 0.5649038461538461 0.2987951807228916 0.11538461538461539 0.15421686746987953
1 0.3329326923076923 0.37349397590361444 0.11778846153846154 0.15421686746987953
1 0.8882211538461539 0.3385542168674699 0.09375 0.14216867469879518
1 0.11778846153846154 0.3686746987951807 0.10576923076923077 0.13975903614457832
1 0.054086538461538464 0.3710843373493976 0.07451923076923077 0.12048192771084337
1 0.7307692307692307 0.3385542168674699 0.1346153846153846 0.16626506024096385
1 0.9831730769230769 0.3566265060240964 0.02403846153846154 0.09156626506024096
1 0.5661057692307693 0.04457831325301205 0.11778846153846154 0.0891566265060241
1 0.8870192307692307 0.021686746987951807 0.09615384615384616 0.043373493975903614
1 0.7319711538461539 0.027710843373493974 0.13701923076923078 0.05542168674698795
