1 0.7548076923076923 0.3349397590361446 0.14903846153846154 0.15903614457831325
1 0.18509615384615385 0.41325301204819276 0.12980769230769232 0.1566265060240964
1 0.5733173076923077 0.40963855421686746 0.11778846153846154 0.14457831325301204
1 0.34975961538461536 0.43253012048192774 0.11298076923076923 0.14216867469879518
1 0.9074519230769231 0.3963855421686747 0.11778846153846154 0.10843373493975904
1 0.7548076923076923 0.14698795180722893 0.14903846153846154 0.15903614457831325
1 0.18629807692307693 0.0746987951807229 0.13221153846153846 0.1493975903614458
1 0.5733173076923077 0.07228915662650602 0.11778846153846154 0.14457831325301204
1 0.3485576923076923 0.06144578313253012 0.11538461538461539 0.12289156626506025
1 0.9074519230769231 0.08795180722891566 0.11778846153846154 0.10843373493975904
