1 0.20916666666666667 0.38222222222222224 0.051666666666666666 0.08888888888888889
1 0.5983333333333334 0.3811111111111111 0.056666666666666664 0.09555555555555556
1 0.6483333333333333 0.4111111111111111 0.03333333333333333 0.06666666666666667
1 0.7225 0.38333333333333336 0.041666666666666664 0.08222222222222222
1 0.7883333333333333 0.3422222222222222 0.056666666666666664 0.11555555555555555
1 0.5633333333333334 0.3711111111111111 0.02666666666666667 0.08444444444444445
1 0.5341666666666667 0.3988888888888889 0.035 0.06
1 0.425 0.4066666666666667 0.03666666666666667 0.08444444444444445
1 0.35583333333333333 0.37444444444444447 0.06166666666666667 0.11333333333333333
0 0.32083333333333336 0.40555555555555556 0.028333333333333332 0.06444444444444444
