1 0.7079326923076923 0.390625 0.07451923076923077 0.0889423076923077
1 0.27283653846153844 0.39302884615384615 0.07451923076923077 0.09375
1 0.38822115384615385 0.38221153846153844 0.09375 0.11057692307692307
1 0.10697115384615384 0.30288461538461536 0.10817307692307693 0.15384615384615385
1 0.6189903846153846 0.3954326923076923 0.06971153846153846 0.08413461538461539
1 0.49038461538461536 0.38822115384615385 0.0625 0.06971153846153846
1 0.9399038461538461 0.40384615384615385 0.057692307692307696 0.07692307692307693
1 0.8737980769230769 0.41586538461538464 0.06971153846153846 0.07211538461538461
1 0.765625 0.41225961538461536 0.04567307692307692 0.06009615384615385
1 0.5228365384615384 0.3954326923076923 0.03125 0.055288461538461536
