0 0.2283653846153846 0.3798076923076923 0.057692307692307696 0.07692307692307693
0 0.7007211538461539 0.359375 0.06490384615384616 0.07932692307692307
0 0.4206730769230769 0.3389423076923077 0.052884615384615384 0.07692307692307693
0 0.1141826923076923 0.3798076923076923 0.040865384615384616 0.04807692307692308
0 0.5985576923076923 0.3713942307692308 0.03365384615384615 0.040865384615384616
0 0.6586538461538461 0.3798076923076923 0.04326923076923077 0.057692307692307696
0 0.7548076923076923 0.3762019230769231 0.038461538461538464 0.04567307692307692
0 0.8798076923076923 0.35336538461538464 0.04326923076923077 0.057692307692307696
0 0.8233173076923077 0.36899038461538464 0.036057692307692304 0.040865384615384616
0 0.9411057692307693 0.36778846153846156 0.03125 0.038461538461538464
0 0.5132211538461539 0.3545673076923077 0.040865384615384616 0.055288461538461536
