1 0.015625 0.5469879518072289 0.026442307692307692 0.043373493975903614
1 0.06490384615384616 0.5481927710843374 0.038461538461538464 0.04096385542168675
1 0.12379807692307693 0.5987951807228916 0.04567307692307692 0.04578313253012048
1 0.46153846153846156 0.5301204819277109 0.04326923076923077 0.05301204819277108
1 0.3701923076923077 0.572289156626506 0.03365384615384615 0.04096385542168675
1 0.23918269230769232 0.5469879518072289 0.03125 0.033734939759036145
1 0.171875 0.5686746987951807 0.03125 0.043373493975903614
1 0.8125 0.6156626506024097 0.038461538461538464 0.04096385542168675
1 0.8822115384615384 0.4674698795180723 0.03365384615384615 0.03855421686746988
1 0.7776442307692307 0.4879518072289157 0.040865384615384616 0.04096385542168675
1 0.6899038461538461 0.5132530120481927 0.03365384615384615 0.043373493975903614
1 0.5625 0.5240963855421686 0.04807692307692308 0.05060240963855422
1 0.5300480769230769 0.5265060240963856 0.036057692307692304 0.04578313253012048
1 0.14903846153846154 0.5373493975903615 0.028846153846153848 0.03855421686746988
1 0.1935096153846154 0.536144578313253 0.03125 0.03614457831325301
1 0.21153846153846154 0.5481927710843374 0.03365384615384615 0.04096385542168675
0 0.40865384615384615 0.5746987951807229 0.028846153846153848 0.03614457831325301
0 0.6262019230769231 0.5096385542168674 0.040865384615384616 0.04578313253012048
