1 0.18028846153846154 0.46875 0.07211538461538461 0.09615384615384616
1 0.07091346153846154 0.43509615384615385 0.10336538461538461 0.125
1 0.46634615384615385 0.47596153846153844 0.057692307692307696 0.07692307692307693
1 0.9158653846153846 0.4206730769230769 0.1346153846153846 0.15384615384615385
1 0.25 0.4807692307692308 0.057692307692307696 0.07692307692307693
1 0.3317307692307692 0.4699519230769231 0.0625 0.06971153846153846
1 0.7932692307692307 0.4807692307692308 0.057692307692307696 0.08173076923076923
1 0.65625 0.46274038461538464 0.057692307692307696 0.06971153846153846
1 0.7415865384615384 0.4543269230769231 0.05048076923076923 0.07692307692307693
1 0.5733173076923077 0.4675480769230769 0.04567307692307692 0.06971153846153846
1 0.8533653846153846 0.4675480769230769 0.052884615384615384 0.10336538461538461
