1 0.11928571428571429 0.5840032154340836 0.10714285714285714 0.06511254019292605
1 0.19214285714285714 0.5522508038585209 0.08142857142857143 0.04340836012861737
1 0.8264285714285714 0.7733118971061094 0.16142857142857142 0.10289389067524116
1 0.9607142857142857 0.6185691318327974 0.07857142857142857 0.05064308681672026
1 0.84 0.5554662379421221 0.07714285714285714 0.04662379421221865
1 0.9728571428571429 0.5510450160771704 0.054285714285714284 0.04742765273311897
1 0.6664285714285715 0.34163987138263663 0.05 0.04019292604501608
0 0.2985714285714286 0.5868167202572347 0.06 0.03697749196141479
0 0.21 0.7069935691318328 0.11714285714285715 0.07315112540192927
0 0.5128571428571429 0.6744372990353698 0.09142857142857143 0.06270096463022508
1 0.2571428571428571 0.1342443729903537 0.07142857142857142 0.03858520900321544
