1 0.08935546875 0.5138686131386861 0.0517578125 0.09635036496350365
1 0.1904296875 0.5627737226277372 0.037109375 0.06569343065693431
1 0.2294921875 0.5218978102189781 0.048828125 0.09197080291970802
1 0.2998046875 0.551094890510949 0.044921875 0.07737226277372262
1 0.3642578125 0.5094890510948905 0.048828125 0.09343065693430656
1 0.4365234375 0.545985401459854 0.0390625 0.07007299270072993
1 0.50390625 0.5131386861313869 0.05078125 0.08613138686131387
1 0.57470703125 0.5437956204379562 0.0419921875 0.07445255474452554
1 0.6513671875 0.5182481751824818 0.046875 0.09927007299270073
1 0.70947265625 0.5474452554744526 0.0439453125 0.08175182481751825
1 0.77685546875 0.5656934306569343 0.0380859375 0.07153284671532846
1 0.84326171875 0.502919708029197 0.0537109375 0.08613138686131387
1 0.93359375 0.5080291970802919 0.046875 0.07883211678832117
