1 0.04447115384615385 0.44471153846153844 0.06971153846153846 0.08173076923076923
1 0.5132211538461539 0.41225961538461536 0.055288461538461536 0.08413461538461539
1 0.23317307692307693 0.4338942307692308 0.057692307692307696 0.06971153846153846
1 0.8834134615384616 0.39783653846153844 0.06971153846153846 0.08413461538461539
1 0.6646634615384616 0.3894230769230769 0.06009615384615385 0.08173076923076923
1 0.7331730769230769 0.4170673076923077 0.052884615384615384 0.06971153846153846
1 0.13942307692307693 0.4338942307692308 0.052884615384615384 0.06971153846153846
1 0.7848557692307693 0.41225961538461536 0.04567307692307692 0.06971153846153846
1 0.41586538461538464 0.4182692307692308 0.0625 0.07211538461538461
1 0.28966346153846156 0.42427884615384615 0.04567307692307692 0.06490384615384616
1 0.46153846153846156 0.41466346153846156 0.03365384615384615 0.06971153846153846
1 0.6310096153846154 0.4254807692307692 0.03125 0.04326923076923077
1 0.9266826923076923 0.4182692307692308 0.040865384615384616 0.0673076923076923
1 0.6021634615384616 0.4338942307692308 0.026442307692307692 0.040865384615384616
