1 0.09375 0.3060240963855422 0.08653846153846154 0.10602409638554217
1 0.5228365384615384 0.3168674698795181 0.06490384615384616 0.0891566265060241
1 0.71875 0.336144578313253 0.0673076923076923 0.0746987951807229
1 0.28725961538461536 0.3385542168674699 0.06971153846153846 0.08433734939759036
1 0.8858173076923077 0.3216867469879518 0.08413461538461539 0.10843373493975904
1 0.39663461538461536 0.30843373493975906 0.057692307692307696 0.09156626506024096
1 0.45913461538461536 0.3578313253012048 0.03365384615384615 0.05060240963855422
1 0.5769230769230769 0.3493975903614458 0.038461538461538464 0.05783132530120482
1 0.6622596153846154 0.3566265060240964 0.04567307692307692 0.06265060240963856
1 0.8125 0.3566265060240964 0.04807692307692308 0.05783132530120482
1 0.09495192307692307 0.04096385542168675 0.0889423076923077 0.0819277108433735
1 0.5216346153846154 0.03132530120481928 0.0673076923076923 0.06265060240963856
1 0.7199519230769231 0.018072289156626505 0.06971153846153846 0.03614457831325301
1 0.2860576923076923 0.01927710843373494 0.07211538461538461 0.03855421686746988
1 0.8846153846153846 0.033734939759036145 0.08653846153846154 0.06746987951807229
1 0.39783653846153844 0.03614457831325301 0.06009615384615385 0.07228915662650602
1 0.578125 0.007228915662650603 0.040865384615384616 0.014457831325301205
