0 0.315 0.5633333333333334 0.10333333333333333 0.15333333333333332
1 0.3908333333333333 0.4166666666666667 0.058333333333333334 0.1
1 0.3825 0.33444444444444443 0.035 0.06
1 0.35333333333333333 0.3233333333333333 0.02666666666666667 0.04666666666666667
1 0.42333333333333334 0.37333333333333335 0.05 0.08444444444444445
1 0.44666666666666666 0.3433333333333333 0.03333333333333333 0.051111111111111114
1 0.46416666666666667 0.31777777777777777 0.025 0.044444444444444446
1 0.47583333333333333 0.29777777777777775 0.015 0.02666666666666667
1 0.49 0.3188888888888889 0.023333333333333334 0.051111111111111114
1 0.5116666666666667 0.31222222222222223 0.03333333333333333 0.06
1 0.5066666666666667 0.40555555555555556 0.07666666666666666 0.11777777777777777
1 0.5416666666666666 0.34 0.05 0.07555555555555556
1 0.5883333333333334 0.3388888888888889 0.05 0.09111111111111111
1 0.6233333333333333 0.3211111111111111 0.03333333333333333 0.06888888888888889
1 0.6416666666666667 0.29888888888888887 0.023333333333333334 0.051111111111111114
1 0.695 0.33444444444444443 0.043333333333333335 0.06
1 0.725 0.3 0.02666666666666667 0.044444444444444446
1 0.7508333333333334 0.28555555555555556 0.028333333333333332 0.04666666666666667
1 0.795 0.26666666666666666 0.04 0.057777777777777775
1 0.8033333333333333 0.37 0.07 0.08666666666666667
1 0.8533333333333334 0.27555555555555555 0.023333333333333334 0.04
1 0.9041666666666667 0.31444444444444447 0.06833333333333333 0.09555555555555556
1 0.9791666666666666 0.34444444444444444 0.041666666666666664 0.08888888888888889
1 0.985 0.27666666666666667 0.023333333333333334 0.042222222222222223
1 0.06833333333333333 0.6888888888888889 0.016666666666666666 0.02666666666666667
