1 0.6826923076923077 0.6129807692307693 0.07211538461538461 0.09134615384615384
1 0.8942307692307693 0.5396634615384616 0.0625 0.08413461538461539
1 0.4951923076923077 0.6177884615384616 0.08173076923076923 0.10096153846153846
1 0.7355769230769231 0.5853365384615384 0.0625 0.07451923076923077
1 0.9459134615384616 0.5264423076923077 0.055288461538461536 0.07692307692307693
1 0.18389423076923078 0.5108173076923077 0.06009615384615385 0.07932692307692307
1 0.1814903846153846 0.6057692307692307 0.06009615384615385 0.07692307692307693
1 0.6177884615384616 0.53125 0.057692307692307696 0.0673076923076923
1 0.26802884615384615 0.6742788461538461 0.08413461538461539 0.12259615384615384
1 0.7800480769230769 0.5096153846153846 0.06009615384615385 0.08653846153846154
1 0.5336538461538461 0.5649038461538461 0.0673076923076923 0.0673076923076923
1 0.296875 0.5673076923076923 0.05048076923076923 0.0673076923076923
1 0.5564903846153846 0.5072115384615384 0.05048076923076923 0.057692307692307696
1 0.45913461538461536 0.47716346153846156 0.04807692307692308 0.06009615384615385
1 0.4206730769230769 0.5588942307692307 0.052884615384615384 0.06009615384615385
1 0.2668269230769231 0.9615384615384616 0.08653846153846154 0.07211538461538461
