1 0.16726943942133815 0.19618528610354224 0.07775768535262206 0.15803814713896458
1 0.024412296564195298 0.2574931880108992 0.045207956600361664 0.11171662125340599
1 0.2522603978300181 0.22479564032697547 0.059674502712477394 0.1226158038147139
1 0.3471971066907776 0.22615803814713897 0.06871609403254973 0.14168937329700274
1 0.4403254972875226 0.23705722070844687 0.06329113924050633 0.1362397820163488
1 0.5226039783001808 0.24250681198910082 0.08318264014466546 0.17438692098092642
1 0.6057866184448463 0.21389645776566757 0.06871609403254973 0.13896457765667575
1 0.7513562386980108 0.19209809264305178 0.07414104882459313 0.14986376021798364
1 0.8236889692585895 0.2356948228882834 0.11392405063291139 0.19346049046321526
1 0.9746835443037974 0.3242506811989101 0.04701627486437613 0.08719346049046321
