1 0.119 0.38821752265861026 0.038 0.0634441087613293
1 0.187 0.4078549848942598 0.034 0.054380664652567974
1 0.321 0.38368580060422963 0.03 0.06042296072507553
1 0.351 0.40181268882175225 0.03 0.054380664652567974
1 0.393 0.3429003021148036 0.046 0.0755287009063444
1 0.481 0.30513595166163143 0.078 0.1148036253776435
1 0.605 0.3640483383685801 0.058 0.09969788519637462
1 0.705 0.34441087613293053 0.07 0.10876132930513595
1 0.855 0.2688821752265861 0.118 0.18731117824773413
1 0.545 0.3716012084592145 0.034 0.06042296072507553
1 0.248 0.3716012084592145 0.044 0.07854984894259819
