1 0.06563245823389022 0.389618138424821 0.11376292760540971 0.22553699284009546
1 0.13842482100238662 0.40930787589498807 0.05250596658711217 0.13365155131264916
1 0.19729514717581542 0.42601431980906923 0.07478122513922036 0.16467780429594273
1 0.27684964200477324 0.39558472553699287 0.06841686555290374 0.14439140811455847
1 0.48448687350835323 0.4665871121718377 0.03659506762132061 0.07159904534606205
1 0.5035799522673031 0.4785202863961814 0.01909307875894988 0.057279236276849645
1 0.5186953062848051 0.47315035799522676 0.020684168655529037 0.06563245823389022
1 0.5354017501988863 0.4755369928400955 0.020684168655529037 0.05608591885441527
1 0.5576770087509945 0.48389021479713606 0.022275258552108195 0.0513126491646778
1 0.5652346857597454 0.4588305489260143 0.021479713603818614 0.03937947494033413
1 0.8985680190930787 0.45465393794749404 0.053301511535401754 0.0954653937947494
1 0.33691328560063644 0.4630071599045346 0.056483691328560064 0.11455847255369929
1 0.38066825775656327 0.45167064439140814 0.046937151949085126 0.10620525059665871
1 0.40731901352426414 0.43556085918854415 0.03659506762132061 0.0883054892601432
1 0.44351630867143993 0.4594272076372315 0.042163882259347654 0.0883054892601432
