1 0.6021634615384616 0.3301204819277108 0.06490384615384616 0.07710843373493977
1 0.2439903846153846 0.344578313253012 0.06009615384615385 0.0819277108433735
1 0.796875 0.3686746987951807 0.07451923076923077 0.0819277108433735
1 0.7091346153846154 0.3578313253012048 0.057692307692307696 0.06506024096385542
1 0.44711538461538464 0.3578313253012048 0.052884615384615384 0.06987951807228916
1 0.2980769230769231 0.3493975903614458 0.04807692307692308 0.06746987951807229
1 0.3473557692307692 0.3710843373493976 0.040865384615384616 0.06265060240963856
1 0.5132211538461539 0.39156626506024095 0.03125 0.04578313253012048
1 0.5540865384615384 0.37710843373493974 0.040865384615384616 0.060240963855421686
1 0.6009615384615384 0.021686746987951807 0.0673076923076923 0.043373493975903614
1 0.24278846153846154 0.01566265060240964 0.0625 0.03132530120481928
1 0.29927884615384615 0.00963855421686747 0.05048076923076923 0.01927710843373494
