1 0.07 0.235 0.10444444444444445 0.15666666666666668
0 0.056666666666666664 0.3883333333333333 0.10444444444444445 0.19666666666666666
1 0.17666666666666667 0.3283333333333333 0.04666666666666667 0.09666666666666666
1 0.22555555555555556 0.3333333333333333 0.06444444444444444 0.14
0 0.29777777777777775 0.32166666666666666 0.10222222222222223 0.21666666666666667
0 0.36777777777777776 0.26 0.07777777777777778 0.16666666666666666
1 0.43777777777777777 0.24833333333333332 0.08 0.14333333333333334
1 0.5477777777777778 0.29 0.08666666666666667 0.22
0 0.6011111111111112 0.32166666666666666 0.06 0.20333333333333334
0 0.6744444444444444 0.3466666666666667 0.12666666666666668 0.22666666666666666
0 0.7355555555555555 0.215 0.06666666666666667 0.11
0 0.9188888888888889 0.39166666666666666 0.14444444444444443 0.31
