1 0.15292096219931273 0.3741976893453145 0.049255441008018326 0.07317073170731707
1 0.24856815578465064 0.3870346598202824 0.05956471935853379 0.10141206675224647
1 0.33906071019473083 0.36585365853658536 0.06643757159221077 0.0821566110397946
1 0.4054982817869416 0.3600770218228498 0.03665521191294387 0.05006418485237484
1 0.4742268041237113 0.3979460847240051 0.043528064146620846 0.06418485237483953
1 0.5223367697594502 0.37163029525032093 0.0572737686139748 0.08857509627727857
1 0.5595647193585338 0.386392811296534 0.021764032073310423 0.06675224646983312
1 0.579610538373425 0.37869062901155326 0.03436426116838488 0.05648267008985879
1 0.6821305841924399 0.4056482670089859 0.05154639175257732 0.08729139922978177
1 0.7571592210767468 0.39730423620025673 0.041237113402061855 0.08087291399229782
1 0.7096219931271478 0.34403080872913994 0.04009163802978236 0.059050064184852376
1 0.8064146620847652 0.413992297817715 0.05956471935853379 0.09370988446726572
1 0.28465063001145474 0.3870346598202824 0.024054982817869417 0.06290115532734275
1 0.19931271477663232 0.38061617458279845 0.050400916380297825 0.0834403080872914
1 0.4495990836197022 0.3780487804878049 0.033218785796105384 0.06290115532734275
0 0.6460481099656358 0.41078305519897307 0.03665521191294387 0.05648267008985879
