1 0.8641826923076923 0.41325301204819276 0.07932692307692307 0.09879518072289156
1 0.7331730769230769 0.43493975903614457 0.052884615384615384 0.06987951807228916
1 0.6322115384615384 0.43132530120481927 0.04807692307692308 0.06746987951807229
1 0.24759615384615385 0.5927710843373494 0.04326923076923077 0.04819277108433735
1 0.09254807692307693 0.5626506024096386 0.036057692307692304 0.05060240963855422
1 0.3870192307692308 0.4783132530120482 0.04326923076923077 0.05542168674698795
1 0.5168269230769231 0.5542168674698795 0.04326923076923077 0.04819277108433735
1 0.44591346153846156 0.4987951807228916 0.036057692307692304 0.05301204819277108
1 0.5444711538461539 0.45903614457831327 0.04567307692307692 0.05542168674698795
1 0.6802884615384616 0.4457831325301205 0.04326923076923077 0.05783132530120482
1 0.23557692307692307 0.5602409638554217 0.03365384615384615 0.04578313253012048
