1 0.8473557692307693 0.37259615384615385 0.07932692307692307 0.09615384615384616
1 0.7151442307692307 0.3389423076923077 0.0985576923076923 0.11538461538461539
1 0.2704326923076923 0.3701923076923077 0.10336538461538461 0.1346153846153846
1 0.9411057692307693 0.38341346153846156 0.10336538461538461 0.12740384615384615
1 0.46274038461538464 0.3485576923076923 0.0889423076923077 0.1201923076923077
1 0.5576923076923077 0.38461538461538464 0.08653846153846154 0.10576923076923077
1 0.12980769230769232 0.36177884615384615 0.10096153846153846 0.15144230769230768
1 0.3269230769230769 0.4026442307692308 0.052884615384615384 0.07932692307692307
1 0.051682692307692304 0.3112980769230769 0.0985576923076923 0.19471153846153846
1 0.05048076923076923 0.019230769230769232 0.10096153846153846 0.038461538461538464
