1 0.08933217692974849 0.3676300578034682 0.03469210754553339 0.05317919075144509
1 0.15394622723330442 0.3699421965317919 0.030355594102341718 0.046242774566473986
1 0.26279271465741544 0.33815028901734107 0.0398959236773634 0.06589595375722543
1 0.3048568950563747 0.38497109826589593 0.049436253252385085 0.08092485549132948
1 0.3547267996530789 0.3647398843930636 0.026019080659150044 0.05433526011560694
1 0.39158716392020815 0.36416184971098264 0.0372940156114484 0.07861271676300578
0 0.19514310494362533 0.36647398843930634 0.031222896790980052 0.05086705202312139
0 0.12489158716392021 0.3855491329479769 0.03295750216825672 0.04971098265895954
0 0.5108412836079792 0.37052023121387284 0.029488291413703384 0.04971098265895954
1 0.4627059843885516 0.3491329479768786 0.05290546400693842 0.08092485549132948
1 0.5394622723330442 0.36820809248554914 0.026019080659150044 0.047398843930635835
0 0.562012142237641 0.3630057803468208 0.015611448395490026 0.057803468208092484
1 0.585429314830876 0.3583815028901734 0.05030355594102342 0.08786127167630058
1 0.6188204683434518 0.36184971098265895 0.032090199479618386 0.06936416184971098
1 0.6357328707718994 0.3583815028901734 0.015611448395490026 0.04161849710982659
0 0.6504770164787511 0.3624277456647399 0.019080659150043366 0.03352601156069364
1 0.6856027753686036 0.3578034682080925 0.058109280138768434 0.11445086705202312
1 0.7328707718993929 0.369364161849711 0.04163052905464007 0.08670520231213873
1 0.7810060711188205 0.3583815028901734 0.042497831743278404 0.07861271676300578
1 0.8139635732870771 0.3670520231213873 0.0372940156114484 0.06358381502890173
1 0.9423243712055508 0.34046242774566476 0.04423243712055507 0.07976878612716763
0 0.870338248048569 0.3554913294797688 0.009540329575021683 0.015028901734104046
0 0.8967909800520382 0.36878612716763004 0.046834345186470075 0.06705202312138728
1 0.9804856895056374 0.3630057803468208 0.03902862098872507 0.10635838150289018
