0 0.1669921875 0.35128205128205126 0.060546875 0.0989010989010989
0 0.3017578125 0.3710622710622711 0.04296875 0.07545787545787545
1 0.23779296875 0.48937728937728936 0.0205078125 0.0380952380952381
1 0.443115234375 0.4860805860805861 0.02099609375 0.035897435897435895
1 0.392333984375 0.4978021978021978 0.02001953125 0.034432234432234435
1 0.00830078125 0.4728937728937729 0.015625 0.041758241758241756
1 0.0517578125 0.4901098901098901 0.0234375 0.041025641025641026
0 0.51806640625 0.3065934065934066 0.0439453125 0.08571428571428572
0 0.625244140625 0.38095238095238093 0.03857421875 0.07765567765567766
0 0.745849609375 0.37142857142857144 0.04541015625 0.07765567765567766
0 0.891845703125 0.3783882783882784 0.05224609375 0.08278388278388278
0 0.8310546875 0.4315018315018315 0.029296875 0.04542124542124542
