1 0.3233173076923077 0.3409638554216867 0.07451923076923077 0.07951807228915662
1 0.8401442307692307 0.3493975903614458 0.06009615384615385 0.07228915662650602
0 0.5216346153846154 0.3421686746987952 0.0625 0.06265060240963856
0 0.6586538461538461 0.3469879518072289 0.10576923076923077 0.10602409638554217
0 0.5901442307692307 0.3457831325301205 0.06009615384615385 0.0746987951807229
1 0.32211538461538464 0.016867469879518072 0.07692307692307693 0.033734939759036145
1 0.8389423076923077 0.010843373493975903 0.0625 0.021686746987951807
0 0.5228365384615384 0.012048192771084338 0.06490384615384616 0.024096385542168676
0 0.6598557692307693 0.020481927710843374 0.10817307692307693 0.04096385542168675
0 0.5889423076923077 0.01325301204819277 0.0625 0.02650602409638554
