1 0.45913461538461536 0.24457831325301205 0.04807692307692308 0.04578313253012048
1 0.7463942307692307 0.8385542168674699 0.040865384615384616 0.043373493975903614
1 0.8112980769230769 0.8433734939759037 0.04567307692307692 0.043373493975903614
1 0.578125 0.21084337349397592 0.036057692307692304 0.05060240963855422
1 0.7632211538461539 0.8060240963855422 0.040865384615384616 0.02650602409638554
1 0.6430288461538461 0.2253012048192771 0.036057692307692304 0.03132530120481928
1 0.8004807692307693 0.810843373493976 0.03365384615384615 0.03614457831325301
1 0.9483173076923077 0.8385542168674699 0.040865384615384616 0.043373493975903614
1 0.8834134615384616 0.8433734939759037 0.04567307692307692 0.043373493975903614
1 0.9314903846153846 0.8060240963855422 0.040865384615384616 0.02650602409638554
1 0.8918269230769231 0.810843373493976 0.03365384615384615 0.03614457831325301
