1 0.9038461538461539 0.3156626506024096 0.0625 0.07710843373493977
1 0.3641826923076923 0.3253012048192771 0.055288461538461536 0.07710843373493977
1 0.09134615384615384 0.3337349397590361 0.052884615384615384 0.06987951807228916
1 0.5168269230769231 0.3204819277108434 0.04807692307692308 0.07228915662650602
1 0.6814903846153846 0.3253012048192771 0.04567307692307692 0.07228915662650602
1 0.21394230769230768 0.35180722891566263 0.057692307692307696 0.06746987951807229
1 0.4543269230769231 0.3457831325301205 0.03365384615384615 0.060240963855421686
0 0.7692307692307693 0.3397590361445783 0.038461538461538464 0.05783132530120482
1 0.7163461538461539 0.3469879518072289 0.03365384615384615 0.04819277108433735
1 0.5721153846153846 0.3373493975903614 0.03365384615384615 0.05301204819277108
1 0.6009615384615384 0.3481927710843373 0.028846153846153848 0.04578313253012048
1 0.6334134615384616 0.3457831325301205 0.036057692307692304 0.05542168674698795
1 0.2536057692307692 0.3373493975903614 0.026442307692307692 0.05783132530120482
1 0.31009615384615385 0.3409638554216867 0.028846153846153848 0.04096385542168675
1 0.9050480769230769 0.02891566265060241 0.06490384615384616 0.05783132530120482
1 0.3629807692307692 0.024096385542168676 0.057692307692307696 0.04819277108433735
1 0.09254807692307693 0.018072289156626505 0.055288461538461536 0.03614457831325301
1 0.5180288461538461 0.02530120481927711 0.05048076923076923 0.05060240963855422
1 0.6802884615384616 0.02289156626506024 0.04807692307692308 0.04578313253012048
1 0.21514423076923078 0.008433734939759036 0.06009615384615385 0.016867469879518072
1 0.45552884615384615 0.00963855421686747 0.036057692307692304 0.01927710843373494
0 0.7704326923076923 0.012048192771084338 0.040865384615384616 0.024096385542168676
1 0.7175480769230769 0.006024096385542169 0.036057692307692304 0.012048192771084338
1 0.5733173076923077 0.012048192771084338 0.036057692307692304 0.024096385542168676
1 0.6021634615384616 0.004819277108433735 0.03125 0.00963855421686747
1 0.6322115384615384 0.008433734939759036 0.038461538461538464 0.016867469879518072
1 0.25240384615384615 0.01325301204819277 0.028846153846153848 0.02650602409638554
1 0.3112980769230769 0.007228915662650603 0.03125 0.014457831325301205
