1 0.29833333333333334 0.18766404199475065 0.05333333333333334 0.09711286089238845
0 0.18916666666666668 0.531496062992126 0.051666666666666666 0.08661417322834646
1 0.2425 0.25065616797900264 0.03833333333333333 0.08136482939632546
0 0.15916666666666668 0.2795275590551181 0.051666666666666666 0.08661417322834646
0 0.03666666666666667 0.2532808398950131 0.03666666666666667 0.07611548556430446
0 0.0225 0.29396325459317585 0.03833333333333333 0.07349081364829396
0 0.8366666666666667 0.19028871391076116 0.03666666666666667 0.07086614173228346
0 0.8125 0.43700787401574803 0.051666666666666666 0.09186351706036745
0 0.6116666666666667 0.42782152230971127 0.05 0.08923884514435695
0 0.755 0.6417322834645669 0.05333333333333334 0.09186351706036745
