0 0.07786483839373164 0.3310810810810811 0.02056807051909892 0.030405405405405407
0 0.20421155729676788 0.5160472972972973 0.05190989226248776 0.09966216216216216
0 0.22331047992164543 0.23057432432432431 0.019588638589618023 0.03547297297297297
0 0.4338883447600392 0.2702702702702703 0.02742409402546523 0.04391891891891892
0 0.43046033300685604 0.21537162162162163 0.022526934378060724 0.03885135135135135
0 0.465230166503428 0.22212837837837837 0.025465230166503428 0.04560810810810811
0 0.49853085210577863 0.30658783783783783 0.03330068560235064 0.0625
0 0.555337904015671 0.3623310810810811 0.03330068560235064 0.05912162162162162
0 0.7350636630754163 0.14020270270270271 0.01665034280117532 0.04054054054054054
0 0.7678746327130265 0.14864864864864866 0.01762977473065622 0.0472972972972973
0 0.9074436826640548 0.21875 0.022526934378060724 0.05574324324324324
