0 0.515625 0.3329326923076923 0.06971153846153846 0.07932692307692307
0 0.8954326923076923 0.28125 0.11778846153846154 0.1201923076923077
0 0.6514423076923077 0.35096153846153844 0.0625 0.07692307692307693
0 0.3557692307692308 0.3401442307692308 0.0625 0.06971153846153846
0 0.7055288461538461 0.34975961538461536 0.055288461538461536 0.07451923076923077
0 0.8173076923076923 0.3449519230769231 0.057692307692307696 0.06971153846153846
0 0.5841346153846154 0.33413461538461536 0.057692307692307696 0.0673076923076923
0 0.25 0.36778846153846156 0.04326923076923077 0.052884615384615384
0 0.5144230769230769 0.03245192307692308 0.07211538461538461 0.06490384615384616
0 0.8954326923076923 0.07451923076923077 0.11778846153846154 0.1201923076923077
0 0.6526442307692307 0.02283653846153846 0.06490384615384616 0.04567307692307692
0 0.35697115384615385 0.026442307692307692 0.06490384615384616 0.052884615384615384
0 0.7043269230769231 0.02283653846153846 0.057692307692307696 0.04567307692307692
0 0.8185096153846154 0.02403846153846154 0.06009615384615385 0.04807692307692308
0 0.5853365384615384 0.028846153846153848 0.06009615384615385 0.057692307692307696
0 0.2512019230769231 0.008413461538461538 0.04567307692307692 0.016826923076923076
