1 0.59375 0.234375 0.0673076923076923 0.0985576923076923
1 0.7560096153846154 0.2608173076923077 0.15625 0.18028846153846154
1 0.49038461538461536 0.25841346153846156 0.09134615384615384 0.10817307692307693
1 0.9254807692307693 0.2608173076923077 0.1201923076923077 0.1658653846153846
1 0.19110576923076922 0.2800480769230769 0.055288461538461536 0.07451923076923077
1 0.4206730769230769 0.328125 0.125 0.15144230769230768
1 0.5480769230769231 0.26802884615384615 0.04326923076923077 0.06490384615384616
1 0.8485576923076923 0.24759615384615385 0.052884615384615384 0.09134615384615384
1 0.2536057692307692 0.2920673076923077 0.036057692307692304 0.055288461538461536
1 0.3173076923076923 0.29086538461538464 0.03365384615384615 0.04807692307692308
1 0.3557692307692308 0.28365384615384615 0.038461538461538464 0.052884615384615384
1 0.2247596153846154 0.27283653846153844 0.040865384615384616 0.05048076923076923
1 0.59375 0.09975961538461539 0.0673076923076923 0.0985576923076923
1 0.7548076923076923 0.08173076923076923 0.15865384615384615 0.16346153846153846
1 0.49038461538461536 0.07572115384615384 0.09134615384615384 0.10817307692307693
1 0.9266826923076923 0.078125 0.12259615384615384 0.15625
1 0.19110576923076922 0.054086538461538464 0.055288461538461536 0.07451923076923077
1 0.421875 0.040865384615384616 0.12740384615384615 0.08173076923076923
1 0.5480769230769231 0.06610576923076923 0.04326923076923077 0.06490384615384616
1 0.8485576923076923 0.08413461538461539 0.052884615384615384 0.09134615384615384
1 0.2536057692307692 0.042067307692307696 0.036057692307692304 0.055288461538461536
1 0.3173076923076923 0.040865384615384616 0.03365384615384615 0.04807692307692308
1 0.3557692307692308 0.04807692307692308 0.038461538461538464 0.052884615384615384
1 0.2247596153846154 0.06129807692307692 0.040865384615384616 0.05048076923076923
