1 0.48 0.45095367847411444 0.02181818181818182 0.035422343324250684
1 0.5818181818181818 0.4782016348773842 0.02909090909090909 0.06267029972752043
1 0.6527272727272727 0.4822888283378747 0.04 0.0653950953678474
1 0.6963636363636364 0.4604904632152589 0.025454545454545455 0.05449591280653951
1 0.7081818181818181 0.5068119891008175 0.03090909090909091 0.05449591280653951
1 0.7427272727272727 0.4713896457765668 0.03090909090909091 0.05449591280653951
1 0.7754545454545455 0.47956403269754766 0.03090909090909091 0.05994550408719346
1 0.8245454545454546 0.4591280653950954 0.03090909090909091 0.05722070844686648
1 0.8572727272727273 0.4591280653950954 0.023636363636363636 0.051771117166212535
1 0.8790909090909091 0.46321525885558584 0.03090909090909091 0.05994550408719346
1 0.9372727272727273 0.46866485013623976 0.03090909090909091 0.05449591280653951
0 0.4954545454545455 0.5095367847411444 0.03090909090909091 0.05449591280653951
0 0.4309090909090909 0.4564032697547684 0.02181818181818182 0.04087193460490463
0 0.38 0.45776566757493187 0.02181818181818182 0.043596730245231606
0 0.33454545454545453 0.44959128065395093 0.02181818181818182 0.043596730245231606
0 0.2881818181818182 0.46866485013623976 0.023636363636363636 0.03814713896457766
0 0.23363636363636364 0.4768392370572207 0.023636363636363636 0.043596730245231606
