1 0.30288461538461536 0.3021653543307087 0.09752747252747253 0.14763779527559054
1 0.41277472527472525 0.375 0.0673076923076923 0.1279527559055118
1 0.12362637362637363 0.4045275590551181 0.038461538461538464 0.08070866141732283
1 0.052884615384615384 0.4271653543307087 0.028846153846153848 0.05511811023622047
1 0.019230769230769232 0.4153543307086614 0.03571428571428571 0.07480314960629922
1 0.5 0.4202755905511811 0.0521978021978022 0.10039370078740158
1 0.5865384615384616 0.3809055118110236 0.057692307692307696 0.10039370078740158
1 0.8571428571428571 0.36515748031496065 0.07417582417582418 0.12401574803149606
0 0.7493131868131868 0.3454724409448819 0.09478021978021978 0.1515748031496063
0 0.21016483516483517 0.4389763779527559 0.03571428571428571 0.05905511811023622
