1 0.29927884615384615 0.3289156626506024 0.06009615384615385 0.07951807228915662
1 0.4879807692307692 0.344578313253012 0.04807692307692308 0.05783132530120482
1 0.7536057692307693 0.3566265060240964 0.040865384615384616 0.05783132530120482
1 0.6201923076923077 0.344578313253012 0.04807692307692308 0.06265060240963856
1 0.40625 0.3373493975903614 0.04807692307692308 0.05783132530120482
1 0.8245192307692307 0.3795180722891566 0.038461538461538464 0.05542168674698795
1 0.2980769230769231 0.02289156626506024 0.0625 0.04578313253012048
1 0.4891826923076923 0.00963855421686747 0.05048076923076923 0.01927710843373494
1 0.6213942307692307 0.010843373493975903 0.05048076923076923 0.021686746987951807
1 0.4074519230769231 0.01325301204819277 0.05048076923076923 0.02650602409638554
