1 0.6911057692307693 0.6730769230769231 0.026442307692307692 0.03365384615384615
1 0.2512019230769231 0.6081730769230769 0.055288461538461536 0.057692307692307696
1 0.35096153846153844 0.5216346153846154 0.04807692307692308 0.052884615384615384
1 0.4519230769230769 0.45072115384615385 0.052884615384615384 0.06009615384615385
1 0.6274038461538461 0.28846153846153844 0.0625 0.057692307692307696
1 0.5432692307692307 0.6730769230769231 0.03365384615384615 0.038461538461538464
1 0.9387019230769231 0.6706730769230769 0.06490384615384616 0.08173076923076923
1 0.8954326923076923 0.6550480769230769 0.055288461538461536 0.06971153846153846
1 0.7331730769230769 0.7091346153846154 0.08173076923076923 0.10576923076923077
1 0.8076923076923077 0.6766826923076923 0.038461538461538464 0.05048076923076923
1 0.6899038461538461 0.9867788461538461 0.028846153846153848 0.021634615384615384
1 0.6274038461538461 0.038461538461538464 0.0625 0.057692307692307696
1 0.5444711538461539 0.9855769230769231 0.036057692307692304 0.02403846153846154
1 0.9375 0.9759615384615384 0.0673076923076923 0.04326923076923077
1 0.8942307692307693 0.9867788461538461 0.057692307692307696 0.021634615384615384
1 0.734375 0.9507211538461539 0.08413461538461539 0.09375
1 0.8088942307692307 0.9807692307692307 0.040865384615384616 0.03365384615384615
