1 0.125 0.2403846153846154 0.16346153846153846 0.1971153846153846
1 0.5408653846153846 0.40384615384615385 0.1201923076923077 0.1346153846153846
1 0.38100961538461536 0.5877403846153846 0.13221153846153846 0.11778846153846154
1 0.4338942307692308 0.32211538461538464 0.10817307692307693 0.14903846153846154
1 0.8894230769230769 0.25961538461538464 0.0625 0.11538461538461539
1 0.9302884615384616 0.22115384615384615 0.12980769230769232 0.15865384615384615
1 0.6646634615384616 0.22596153846153846 0.055288461538461536 0.07211538461538461
0 0.2776442307692308 0.3317307692307692 0.08413461538461539 0.09134615384615384
1 0.12620192307692307 0.06971153846153846 0.1658653846153846 0.13942307692307693
1 0.4326923076923077 0.016826923076923076 0.11057692307692307 0.03365384615384615
1 0.890625 0.039663461538461536 0.06490384615384616 0.07932692307692307
1 0.9314903846153846 0.06971153846153846 0.13221153846153846 0.13942307692307693
1 0.6646634615384616 0.052884615384615384 0.055288461538461536 0.07211538461538461
