0 0.16346153846153846 0.5084337349397591 0.057692307692307696 0.06265060240963856
0 0.484375 0.5048192771084338 0.04567307692307692 0.05542168674698795
0 0.9543269230769231 0.5132530120481927 0.038461538461538464 0.043373493975903614
0 0.27403846153846156 0.5228915662650603 0.028846153846153848 0.03855421686746988
0 0.31009615384615385 0.5216867469879518 0.028846153846153848 0.03614457831325301
0 0.36658653846153844 0.5240963855421686 0.03125 0.03614457831325301
0 0.390625 0.519277108433735 0.021634615384615384 0.03614457831325301
0 0.44711538461538464 0.5156626506024097 0.03365384615384615 0.043373493975903614
0 0.5757211538461539 0.5289156626506024 0.040865384615384616 0.04578313253012048
0 0.7956730769230769 0.5216867469879518 0.038461538461538464 0.04578313253012048
0 0.9146634615384616 0.5216867469879518 0.036057692307692304 0.03614457831325301
0 0.8425480769230769 0.5228915662650603 0.036057692307692304 0.03855421686746988
0 0.7379807692307693 0.5072289156626506 0.03365384615384615 0.04096385542168675
0 0.6334134615384616 0.5337349397590362 0.03125 0.04096385542168675
0 0.6574519230769231 0.5277108433734939 0.026442307692307692 0.043373493975903614
0 0.055288461538461536 0.5228915662650603 0.028846153846153848 0.03855421686746988
0 0.020432692307692308 0.5277108433734939 0.036057692307692304 0.043373493975903614
0 0.203125 0.5180722891566265 0.026442307692307692 0.043373493975903614
