0 0.5456730769230769 0.3578313253012048 0.057692307692307696 0.0746987951807229
0 0.3233173076923077 0.3891566265060241 0.06490384615384616 0.08433734939759036
0 0.6875 0.39879518072289155 0.057692307692307696 0.06987951807228916
0 0.8016826923076923 0.41686746987951806 0.05048076923076923 0.06265060240963856
0 0.37740384615384615 0.40120481927710844 0.04326923076923077 0.060240963855421686
0 0.4423076923076923 0.4072289156626506 0.03365384615384615 0.03855421686746988
0 0.6165865384615384 0.41204819277108434 0.021634615384615384 0.033734939759036145
0 0.8557692307692307 0.40602409638554215 0.019230769230769232 0.02650602409638554
0 0.9050480769230769 0.42168674698795183 0.021634615384615384 0.02891566265060241
0 0.546875 0.007228915662650603 0.06009615384615385 0.014457831325301205
