1 0.16466346153846154 0.4206730769230769 0.07932692307692307 0.08653846153846154
1 0.8353365384615384 0.5012019230769231 0.055288461538461536 0.06971153846153846
1 0.36899038461538464 0.45072115384615385 0.04567307692307692 0.055288461538461536
1 0.33052884615384615 0.4951923076923077 0.036057692307692304 0.04326923076923077
1 0.4014423076923077 0.46634615384615385 0.028846153846153848 0.03365384615384615
1 0.5 0.5024038461538461 0.04807692307692308 0.038461538461538464
1 0.5036057692307693 0.4375 0.040865384615384616 0.038461538461538464
1 0.5793269230769231 0.44711538461538464 0.04326923076923077 0.038461538461538464
1 0.5889423076923077 0.42788461538461536 0.028846153846153848 0.03365384615384615
1 0.6418269230769231 0.4362980769230769 0.028846153846153848 0.036057692307692304
