1 0.14 0.3888888888888889 0.07333333333333333 0.10222222222222223
1 0.20666666666666667 0.3788888888888889 0.08333333333333333 0.12666666666666668
1 0.3616666666666667 0.4011111111111111 0.09 0.14444444444444443
1 0.4125 0.4288888888888889 0.045 0.09333333333333334
1 0.49333333333333335 0.4111111111111111 0.056666666666666664 0.08888888888888889
1 0.5716666666666667 0.3711111111111111 0.056666666666666664 0.09333333333333334
1 0.6191666666666666 0.41333333333333333 0.04833333333333333 0.06666666666666667
1 0.6933333333333334 0.45 0.08666666666666667 0.14444444444444443
1 0.7216666666666667 0.35 0.06333333333333334 0.08222222222222222
1 0.7925 0.4111111111111111 0.04833333333333333 0.06666666666666667
1 0.8375 0.40444444444444444 0.035 0.06666666666666667
1 0.97 0.44 0.06 0.09333333333333334
