0 0.098 0.40746268656716417 0.048 0.08059701492537313
0 0.161 0.31044776119402984 0.094 0.15522388059701492
0 0.206 0.3880597014925373 0.044 0.07761194029850746
0 0.245 0.4014925373134328 0.05 0.09253731343283582
0 0.283 0.39552238805970147 0.038 0.08059701492537313
0 0.366 0.4044776119402985 0.036 0.056716417910447764
0 0.596 0.4164179104477612 0.02 0.03880597014925373
0 0.612 0.43283582089552236 0.024 0.041791044776119404
0 0.62 0.41044776119402987 0.016 0.026865671641791045
0 0.672 0.4298507462686567 0.032 0.05373134328358209
0 0.746 0.44925373134328356 0.028 0.050746268656716415
0 0.764 0.4298507462686567 0.024 0.041791044776119404
0 0.805 0.41940298507462687 0.038 0.056716417910447764
0 0.899 0.42686567164179107 0.042 0.07164179104477612
0 0.955 0.4134328358208955 0.05 0.08656716417910448
