1 0.77125 0.4925925925925926 0.0225 0.045925925925925926
1 0.74125 0.4777777777777778 0.014166666666666666 0.028148148148148148
1 0.71875 0.48148148148148145 0.0225 0.03851851851851852
1 0.6691666666666667 0.5051851851851852 0.018333333333333333 0.035555555555555556
1 0.6475 0.5059259259259259 0.016666666666666666 0.03111111111111111
1 0.6033333333333334 0.4866666666666667 0.011666666666666667 0.022222222222222223
1 0.3929166666666667 0.48148148148148145 0.010833333333333334 0.023703703703703703
1 0.4666666666666667 0.48444444444444446 0.008333333333333333 0.017777777777777778
1 0.93125 0.5385185185185185 0.015833333333333335 0.03111111111111111
1 0.9075 0.5585185185185185 0.015 0.03259259259259259
1 0.8945833333333333 0.5577777777777778 0.015833333333333335 0.028148148148148148
1 0.9258333333333333 0.4866666666666667 0.013333333333333334 0.028148148148148148
