1 0.18489583333333334 0.4378048780487805 0.044270833333333336 0.1048780487804878
1 0.287109375 0.39634146341463417 0.03515625 0.08048780487804878
1 0.3684895833333333 0.3878048780487805 0.044270833333333336 0.1073170731707317
1 0.46484375 0.41585365853658535 0.036458333333333336 0.08048780487804878
1 0.5455729166666666 0.41097560975609754 0.033854166666666664 0.08048780487804878
1 0.6451822916666666 0.3951219512195122 0.029947916666666668 0.07317073170731707
1 0.6790364583333334 0.39878048780487807 0.048177083333333336 0.0951219512195122
1 0.7278645833333334 0.40487804878048783 0.033854166666666664 0.07317073170731707
1 0.8522135416666666 0.41097560975609754 0.040364583333333336 0.08048780487804878
1 0.9407552083333334 0.4024390243902439 0.02734375 0.05365853658536585
