1 0.17067307692307693 0.5626506024096386 0.028846153846153848 0.03614457831325301
1 0.23918269230769232 0.5674698795180723 0.03125 0.03132530120481928
1 0.6778846153846154 0.5771084337349398 0.02403846153846154 0.02650602409638554
1 0.8305288461538461 0.5831325301204819 0.03125 0.03855421686746988
1 0.8040865384615384 0.5855421686746988 0.021634615384615384 0.033734939759036145
1 0.4651442307692308 0.5771084337349398 0.026442307692307692 0.02650602409638554
1 0.171875 0.9879518072289156 0.03125 0.01927710843373494
1 0.23798076923076922 0.9867469879518073 0.03365384615384615 0.021686746987951807
1 0.6778846153846154 0.9843373493975903 0.02403846153846154 0.02650602409638554
1 0.8305288461538461 0.9759036144578314 0.03125 0.03855421686746988
1 0.8040865384615384 0.9734939759036144 0.021634615384615384 0.033734939759036145
1 0.4651442307692308 0.9843373493975903 0.026442307692307692 0.02650602409638554
