0 0.7811111111111111 0.6283333333333333 0.024444444444444446 0.043333333333333335
0 0.7988888888888889 0.5816666666666667 0.015555555555555555 0.023333333333333334
0 0.7188888888888889 0.6116666666666667 0.024444444444444446 0.03666666666666667
1 0.5133333333333333 0.5683333333333334 0.017777777777777778 0.03
0 0.44666666666666666 0.5783333333333334 0.017777777777777778 0.03
0 0.4022222222222222 0.58 0.022222222222222223 0.03333333333333333
0 0.5788888888888889 0.5583333333333333 0.015555555555555555 0.023333333333333334
0 0.6155555555555555 0.56 0.013333333333333334 0.02666666666666667
0 0.6044444444444445 0.5566666666666666 0.013333333333333334 0.02666666666666667
0 0.3422222222222222 0.5783333333333334 0.022222222222222223 0.03666666666666667
1 0.30777777777777776 0.5483333333333333 0.02 0.03
0 0.27111111111111114 0.5683333333333334 0.017777777777777778 0.03
0 0.1811111111111111 0.5383333333333333 0.024444444444444446 0.03666666666666667
