0 0.039 0.45345345345345345 0.026 0.04804804804804805
0 0.099 0.43993993993993996 0.026 0.05105105105105105
0 0.146 0.5075075075075075 0.044 0.08408408408408409
0 0.187 0.5345345345345346 0.058 0.0960960960960961
0 0.245 0.44744744744744747 0.022 0.042042042042042045
0 0.28 0.46396396396396394 0.024 0.04504504504504504
0 0.293 0.43843843843843844 0.018 0.036036036036036036
0 0.359 0.4444444444444444 0.022 0.042042042042042045
0 0.403 0.4594594594594595 0.026 0.05405405405405406
0 0.448 0.45045045045045046 0.02 0.042042042042042045
0 0.466 0.47597597597597596 0.028 0.057057057057057055
0 0.522 0.4804804804804805 0.032 0.06006006006006006
0 0.578 0.46396396396396394 0.028 0.057057057057057055
0 0.601 0.4804804804804805 0.034 0.06006006006006006
0 0.669 0.49099099099099097 0.038 0.07507507507507508
0 0.747 0.527027027027027 0.05 0.08708708708708708
0 0.903 0.5420420420420421 0.062 0.1111111111111111
0 0.402 0.5525525525525525 0.068 0.10810810810810811
