1 0.3894230769230769 0.4098557692307692 0.04326923076923077 0.06490384615384616
1 0.039663461538461536 0.5 0.040865384615384616 0.0625
1 0.16346153846153846 0.5552884615384616 0.052884615384615384 0.057692307692307696
1 0.3389423076923077 0.2920673076923077 0.03365384615384615 0.040865384615384616
1 0.31490384615384615 0.2668269230769231 0.03365384615384615 0.052884615384615384
1 0.5997596153846154 0.5300480769230769 0.040865384615384616 0.06490384615384616
1 0.7836538461538461 0.5348557692307693 0.052884615384615384 0.055288461538461536
1 0.5576923076923077 0.4206730769230769 0.04326923076923077 0.057692307692307696
1 0.6189903846153846 0.42908653846153844 0.05048076923076923 0.06490384615384616
1 0.7932692307692307 0.4254807692307692 0.04807692307692308 0.057692307692307696
1 0.8353365384615384 0.4206730769230769 0.03125 0.04807692307692308
1 0.3389423076923077 0.042067307692307696 0.03365384615384615 0.040865384615384616
1 0.31490384615384615 0.06490384615384616 0.03365384615384615 0.052884615384615384
