1 0.46357012750455373 0.28398058252427183 0.04918032786885246 0.0825242718446602
1 0.36247723132969034 0.2803398058252427 0.051001821493624776 0.08009708737864078
1 0.52367941712204 0.3337378640776699 0.04189435336976321 0.08495145631067962
1 0.5573770491803278 0.2803398058252427 0.03642987249544627 0.0703883495145631
1 0.6229508196721312 0.3483009708737864 0.051001821493624776 0.09466019417475728
1 0.6712204007285975 0.28883495145631066 0.04553734061930783 0.0825242718446602
1 0.75591985428051 0.33737864077669905 0.051001821493624776 0.09223300970873786
1 0.8834244080145719 0.5813106796116505 0.06557377049180328 0.11407766990291263
1 0.4180327868852459 0.3155339805825243 0.04918032786885246 0.08737864077669903
1 0.30783242258652094 0.30461165048543687 0.0546448087431694 0.09466019417475728
1 0.2459016393442623 0.5327669902912622 0.058287795992714025 0.09951456310679611
