1 0.04447115384615385 0.4072289156626506 0.06971153846153846 0.0819277108433735
1 0.6009615384615384 0.40481927710843374 0.057692307692307696 0.0819277108433735
1 0.8485576923076923 0.3132530120481928 0.14423076923076922 0.1783132530120482
1 0.28125 0.41204819277108434 0.057692307692307696 0.07228915662650602
1 0.09735576923076923 0.42409638554216866 0.05048076923076923 0.06265060240963856
1 0.14302884615384615 0.41927710843373495 0.04567307692307692 0.06265060240963856
1 0.4807692307692308 0.43012048192771085 0.052884615384615384 0.06506024096385542
1 0.3762019230769231 0.42891566265060244 0.04567307692307692 0.06265060240963856
1 0.23197115384615385 0.43373493975903615 0.040865384615384616 0.05301204819277108
1 0.546875 0.4433734939759036 0.036057692307692304 0.043373493975903614
1 0.6670673076923077 0.43614457831325304 0.040865384615384616 0.05783132530120482
1 0.8497596153846154 0.05542168674698795 0.1466346153846154 0.1108433734939759
