1 0.23452157598499063 0.435 0.05628517823639775 0.12333333333333334
1 0.16416510318949343 0.4866666666666667 0.05065666041275797 0.11333333333333333
1 0.4268292682926829 0.45 0.028142589118198873 0.08
1 0.4793621013133208 0.44 0.028142589118198873 0.08
1 0.5881801125703565 0.47333333333333333 0.024390243902439025 0.06
1 0.8067542213883677 0.4533333333333333 0.02626641651031895 0.06666666666666667
1 0.10318949343339587 0.45 0.0375234521575985 0.08666666666666667
1 0.7448405253283302 0.4666666666666667 0.0225140712945591 0.05333333333333334
1 0.6388367729831145 0.4716666666666667 0.028142589118198873 0.056666666666666664
1 0.3649155722326454 0.4533333333333333 0.028142589118198873 0.07333333333333333
1 0.300187617260788 0.45166666666666666 0.0225140712945591 0.06333333333333334
1 0.775797373358349 0.465 0.016885553470919325 0.043333333333333335
1 0.5403377110694184 0.4666666666666667 0.0300187617260788 0.06666666666666667
1 0.7091932457786116 0.4483333333333333 0.0225140712945591 0.06333333333333334
1 0.33583489681050654 0.44666666666666666 0.02626641651031895 0.06
