1 0.7848557692307693 0.390625 0.07451923076923077 0.08413461538461539
1 0.19110576923076922 0.41225961538461536 0.14182692307692307 0.16105769230769232
1 0.7043269230769231 0.4495192307692308 0.07692307692307693 0.09134615384615384
1 0.4675480769230769 0.43509615384615385 0.06009615384615385 0.07692307692307693
1 0.39663461538461536 0.4387019230769231 0.057692307692307696 0.0889423076923077
1 0.5432692307692307 0.4098557692307692 0.0625 0.0889423076923077
1 0.2932692307692308 0.43028846153846156 0.07692307692307693 0.10096153846153846
1 0.039663461538461536 0.3858173076923077 0.055288461538461536 0.06490384615384616
1 0.5709134615384616 0.42908653846153844 0.06490384615384616 0.09375
1 0.3269230769230769 0.40865384615384615 0.04326923076923077 0.07692307692307693
1 0.5649038461538461 0.4254807692307692 0.08173076923076923 0.10576923076923077
1 0.3557692307692308 0.421875 0.03365384615384615 0.07451923076923077
