0 0.21875 0.6157024793388429 0.022058823529411766 0.03581267217630854
0 0.24540441176470587 0.6349862258953168 0.034926470588235295 0.046831955922865015
0 0.31066176470588236 0.6101928374655647 0.01838235294117647 0.03581267217630854
0 0.3170955882352941 0.5909090909090909 0.016544117647058824 0.024793388429752067
0 0.3795955882352941 0.5909090909090909 0.02022058823529412 0.03581267217630854
0 0.42371323529411764 0.6088154269972452 0.02389705882352941 0.0440771349862259
0 0.45955882352941174 0.6088154269972452 0.022058823529411766 0.03856749311294766
0 0.49816176470588236 0.5977961432506887 0.03308823529411765 0.05509641873278237
0 0.5514705882352942 0.5977961432506887 0.01838235294117647 0.03305785123966942
0 0.5680147058823529 0.6005509641873278 0.022058823529411766 0.0440771349862259
0 0.609375 0.6019283746556474 0.027573529411764705 0.05234159779614325
0 0.6360294117647058 0.6088154269972452 0.025735294117647058 0.049586776859504134
