0 0.525 0.2329075882794891 0.052 0.10067618332081142
0 0.56925 0.6175807663410969 0.1125 0.18181818181818182
0 0.60925 0.5488354620586026 0.0615 0.09241172051089407
0 0.717 0.5811419984973704 0.062 0.10593538692712247
0 0.83 0.7261457550713749 0.161 0.2637114951164538
0 0.46925 0.6589030803906837 0.0925 0.15326821938392185
0 0.39575 0.7779864763335838 0.1345 0.21863260706235912
0 0.2485 0.6664162283996995 0.105 0.18782870022539444
0 0.1765 0.6712997746055598 0.09 0.11945905334335086
0 0.162 0.5833959429000751 0.072 0.11044327573253193
0 0.2745 0.5428249436513899 0.071 0.10142749812171299
