1 0.18870192307692307 0.4651442307692308 0.05048076923076923 0.06971153846153846
1 0.12620192307692307 0.47836538461538464 0.036057692307692304 0.04807692307692308
1 0.3245192307692308 0.48197115384615385 0.0625 0.07932692307692307
1 0.36899038461538464 0.4543269230769231 0.05048076923076923 0.0625
1 0.4807692307692308 0.4699519230769231 0.038461538461538464 0.05048076923076923
1 0.5252403846153846 0.4675480769230769 0.04567307692307692 0.06009615384615385
1 0.5661057692307693 0.4567307692307692 0.036057692307692304 0.04807692307692308
1 0.6105769230769231 0.45552884615384615 0.0625 0.07451923076923077
1 0.7319711538461539 0.44591346153846156 0.06971153846153846 0.07932692307692307
1 0.7764423076923077 0.4579326923076923 0.038461538461538464 0.05048076923076923
1 0.84375 0.4519230769230769 0.03365384615384615 0.052884615384615384
1 0.8858173076923077 0.44350961538461536 0.04567307692307692 0.06490384615384616
1 0.9507211538461539 0.4483173076923077 0.06009615384615385 0.06971153846153846
1 0.9891826923076923 0.44471153846153844 0.016826923076923076 0.052884615384615384
