1 0.8810096153846154 0.38461538461538464 0.13701923076923078 0.16826923076923078
1 0.3137019230769231 0.3293269230769231 0.11298076923076923 0.125
1 0.6081730769230769 0.36177884615384615 0.10576923076923077 0.13701923076923078
1 0.7728365384615384 0.4074519230769231 0.11298076923076923 0.13701923076923078
1 0.5012019230769231 0.42788461538461536 0.07451923076923077 0.08173076923076923
1 0.8810096153846154 0.1346153846153846 0.13701923076923078 0.16826923076923078
1 0.3137019230769231 0.18990384615384615 0.11298076923076923 0.125
1 0.6081730769230769 0.15985576923076922 0.10576923076923077 0.13701923076923078
1 0.7728365384615384 0.1141826923076923 0.11298076923076923 0.13701923076923078
1 0.5012019230769231 0.09134615384615384 0.07451923076923077 0.08173076923076923
