1 0.5697115384615384 0.3641826923076923 0.07211538461538461 0.08413461538461539
1 0.20793269230769232 0.30528846153846156 0.06971153846153846 0.10576923076923077
1 0.39663461538461536 0.33533653846153844 0.07211538461538461 0.0985576923076923
1 0.3161057692307692 0.3485576923076923 0.055288461538461536 0.07211538461538461
1 0.8689903846153846 0.36778846153846156 0.09375 0.10576923076923077
1 0.1346153846153846 0.29927884615384615 0.10576923076923077 0.12740384615384615
0 0.7067307692307693 0.3701923076923077 0.052884615384615384 0.0673076923076923
1 0.5709134615384616 0.020432692307692308 0.07451923076923077 0.040865384615384616
1 0.20793269230769232 0.055288461538461536 0.06971153846153846 0.10576923076923077
1 0.39783653846153844 0.038461538461538464 0.07451923076923077 0.07692307692307693
1 0.31490384615384615 0.025240384615384616 0.057692307692307696 0.05048076923076923
1 0.8677884615384616 0.02403846153846154 0.09615384615384616 0.04807692307692308
1 0.13581730769230768 0.06370192307692307 0.10817307692307693 0.12740384615384615
0 0.7079326923076923 0.013221153846153846 0.055288461538461536 0.026442307692307692
