1 0.6196356275303644 0.6299711815561959 0.017408906882591092 0.029971181556195964
1 0.7222672064777328 0.41902017291066285 0.019433198380566803 0.03342939481268011
1 0.6617408906882591 0.7829971181556196 0.017408906882591092 0.03400576368876081
1 0.547165991902834 0.7864553314121038 0.020647773279352227 0.03515850144092219
1 0.38421052631578945 0.3703170028818444 0.012145748987854251 0.037463976945244955
1 0.30748987854251014 0.3729106628242075 0.019838056680161944 0.0345821325648415
1 0.015384615384615385 0.3080691642651297 0.017813765182186234 0.03054755043227666
1 0.9643724696356275 0.5121037463976945 0.017813765182186234 0.025936599423631124
1 0.30931174089068825 0.11729106628242075 0.01700404858299595 0.032853025936599424
1 0.8392712550607287 0.018443804034582133 0.019433198380566803 0.026512968299711816
