1 0.21995192307692307 0.30528846153846156 0.0889423076923077 0.10096153846153846
1 0.49759615384615385 0.30649038461538464 0.07692307692307693 0.10336538461538461
1 0.1201923076923077 0.2980769230769231 0.10576923076923077 0.12980769230769232
1 0.9002403846153846 0.2776442307692308 0.11298076923076923 0.11778846153846154
1 0.84375 0.3016826923076923 0.0673076923076923 0.10817307692307693
1 0.21875 0.013221153846153846 0.09134615384615384 0.026442307692307692
1 0.4987980769230769 0.013221153846153846 0.07932692307692307 0.026442307692307692
1 0.12139423076923077 0.02403846153846154 0.10817307692307693 0.04807692307692308
1 0.8990384615384616 0.03125 0.11538461538461539 0.0625
1 0.8449519230769231 0.016826923076923076 0.06971153846153846 0.03365384615384615
