0 0.4495192307692308 0.4879518072289157 0.04807692307692308 0.06987951807228916
0 0.5264423076923077 0.4867469879518072 0.04807692307692308 0.06746987951807229
0 0.07211538461538461 0.4734939759036145 0.04807692307692308 0.05542168674698795
0 0.34975961538461536 0.4867469879518072 0.05048076923076923 0.06265060240963856
0 0.1658653846153846 0.4807228915662651 0.04807692307692308 0.05542168674698795
0 0.6021634615384616 0.4831325301204819 0.040865384615384616 0.060240963855421686
0 0.6610576923076923 0.4759036144578313 0.04326923076923077 0.05542168674698795
0 0.8317307692307693 0.472289156626506 0.04326923076923077 0.043373493975903614
0 0.25721153846153844 0.4819277108433735 0.04807692307692308 0.06265060240963856
0 0.7439903846153846 0.4831325301204819 0.05048076923076923 0.05542168674698795
0 0.921875 0.4987951807228916 0.040865384615384616 0.04819277108433735
