1 0.7992788461538461 0.7307692307692307 0.06971153846153846 0.08173076923076923
1 0.7896634615384616 0.5973557692307693 0.04567307692307692 0.04567307692307692
0 0.10216346153846154 0.49759615384615385 0.05048076923076923 0.057692307692307696
0 0.24759615384615385 0.5793269230769231 0.07211538461538461 0.0625
0 0.16826923076923078 0.5168269230769231 0.057692307692307696 0.04807692307692308
0 0.13581730769230768 0.5300480769230769 0.040865384615384616 0.040865384615384616
0 0.9086538461538461 0.6262019230769231 0.03365384615384615 0.036057692307692304
0 0.8942307692307693 0.6598557692307693 0.04326923076923077 0.04567307692307692
0 0.7175480769230769 0.6454326923076923 0.05048076923076923 0.055288461538461536
0 0.7127403846153846 0.5817307692307693 0.036057692307692304 0.038461538461538464
0 0.3449519230769231 0.6454326923076923 0.07451923076923077 0.06490384615384616
0 0.4230769230769231 0.5949519230769231 0.057692307692307696 0.06009615384615385
0 0.3762019230769231 0.5625 0.04567307692307692 0.052884615384615384
0 0.5204326923076923 0.5841346153846154 0.040865384615384616 0.03365384615384615
0 0.5709134615384616 0.6129807692307693 0.04567307692307692 0.038461538461538464
0 0.6213942307692307 0.6322115384615384 0.040865384615384616 0.052884615384615384
0 0.5 0.6778846153846154 0.0625 0.057692307692307696
0 0.6706730769230769 0.6310096153846154 0.04326923076923077 0.05048076923076923
0 0.5576923076923077 0.5673076923076923 0.028846153846153848 0.03365384615384615
