1 0.2179203539823009 0.4011627906976744 0.028761061946902654 0.05232558139534884
1 0.24557522123893805 0.39244186046511625 0.03982300884955752 0.06976744186046512
1 0.3241150442477876 0.38372093023255816 0.05530973451327434 0.0872093023255814
1 0.43805309734513276 0.4186046511627907 0.03982300884955752 0.06976744186046512
1 0.4823008849557522 0.40406976744186046 0.030973451327433628 0.046511627906976744
1 0.5165929203539823 0.3997093023255814 0.046460176991150445 0.07267441860465117
1 0.5685840707964602 0.39825581395348836 0.035398230088495575 0.05813953488372093
1 0.6061946902654868 0.39680232558139533 0.03982300884955752 0.06686046511627906
1 0.6803097345132744 0.37790697674418605 0.046460176991150445 0.0755813953488372
1 0.3926991150442478 0.40406976744186046 0.028761061946902654 0.05232558139534884
