1 0.20072115384615385 0.3891566265060241 0.14182692307692307 0.18072289156626506
1 0.27163461538461536 0.4457831325301205 0.07211538461538461 0.0819277108433735
1 0.3605769230769231 0.41807228915662653 0.10096153846153846 0.09879518072289156
1 0.4362980769230769 0.43734939759036146 0.040865384615384616 0.05542168674698795
1 0.48197115384615385 0.42891566265060244 0.055288461538461536 0.06265060240963856
1 0.5372596153846154 0.43132530120481927 0.06490384615384616 0.08674698795180723
1 0.7764423076923077 0.42530120481927713 0.057692307692307696 0.07951807228915662
1 0.7512019230769231 0.43493975903614457 0.036057692307692304 0.05060240963855422
1 0.8269230769230769 0.3855421686746988 0.09615384615384616 0.12530120481927712
1 0.9026442307692307 0.3891566265060241 0.07451923076923077 0.10361445783132531
1 0.9362980769230769 0.41686746987951806 0.036057692307692304 0.05783132530120482
1 0.19951923076923078 0.07108433734939759 0.14423076923076922 0.14216867469879518
1 0.27283653846153844 0.018072289156626505 0.07451923076923077 0.03614457831325301
1 0.36177884615384615 0.03614457831325301 0.10336538461538461 0.07228915662650602
1 0.43509615384615385 0.01566265060240964 0.04326923076923077 0.03132530120481928
1 0.4807692307692308 0.021686746987951807 0.057692307692307696 0.043373493975903614
1 0.5360576923076923 0.02650602409638554 0.0673076923076923 0.05301204819277108
1 0.7776442307692307 0.027710843373493974 0.06009615384615385 0.05542168674698795
1 0.75 0.01566265060240964 0.038461538461538464 0.03132530120481928
1 0.828125 0.05903614457831325 0.0985576923076923 0.1180722891566265
1 0.9014423076923077 0.051807228915662654 0.07692307692307693 0.10361445783132531
1 0.9350961538461539 0.02650602409638554 0.038461538461538464 0.05301204819277108
