1 0.13818565400843882 0.3901408450704225 0.04008438818565401 0.07042253521126761
1 0.5622362869198312 0.35352112676056335 0.035864978902953586 0.0647887323943662
1 0.6814345991561181 0.37183098591549296 0.0379746835443038 0.061971830985915494
1 0.7563291139240507 0.34788732394366195 0.035864978902953586 0.059154929577464786
1 0.20780590717299577 0.376056338028169 0.027426160337552744 0.04788732394366197
1 0.2732067510548523 0.35492957746478876 0.04430379746835443 0.07323943661971831
1 0.33544303797468356 0.37464788732394366 0.02531645569620253 0.04507042253521127
1 0.39767932489451474 0.36619718309859156 0.027426160337552744 0.04507042253521127
1 0.4409282700421941 0.3619718309859155 0.02109704641350211 0.04225352112676056
1 0.49261603375527424 0.36901408450704226 0.027426160337552744 0.04507042253521127
1 0.5379746835443038 0.3732394366197183 0.02109704641350211 0.036619718309859155
1 0.9546413502109705 0.3704225352112676 0.04430379746835443 0.07042253521126761
1 0.09282700421940929 0.38309859154929576 0.02109704641350211 0.03943661971830986
