0 0.09684684684684684 0.3795180722891566 0.0518018018018018 0.09236947791164658
1 0.9318693693693694 0.32028112449799195 0.04842342342342342 0.11044176706827309
1 0.9656531531531531 0.3092369477911647 0.03490990990990991 0.09236947791164658
1 0.857545045045045 0.321285140562249 0.03490990990990991 0.08433734939759036
1 0.8141891891891891 0.3493975903614458 0.04504504504504504 0.10843373493975904
1 0.795045045045045 0.32028112449799195 0.02702702702702703 0.07028112449799197
1 0.7134009009009009 0.2821285140562249 0.041666666666666664 0.09437751004016064
1 0.6728603603603603 0.357429718875502 0.03265765765765766 0.0642570281124498
1 0.6193693693693694 0.33634538152610444 0.02702702702702703 0.06626506024096386
1 0.597972972972973 0.3614457831325301 0.038288288288288286 0.07630522088353414
1 0.5568693693693694 0.3453815261044177 0.030405405405405407 0.0642570281124498
1 0.509009009009009 0.357429718875502 0.03153153153153153 0.07630522088353414
1 0.4588963963963964 0.3273092369477912 0.02364864864864865 0.06827309236947791
1 0.4391891891891892 0.357429718875502 0.02927927927927928 0.07630522088353414
1 0.4149774774774775 0.3313253012048193 0.019144144144144143 0.0642570281124498
1 0.3918918918918919 0.34839357429718876 0.02927927927927928 0.07028112449799197
1 0.36768018018018017 0.3192771084337349 0.030405405405405407 0.0642570281124498
1 0.34177927927927926 0.34236947791164657 0.0259009009009009 0.06224899598393574
1 0.30518018018018017 0.357429718875502 0.02927927927927928 0.0642570281124498
1 0.2708333333333333 0.3293172690763052 0.0259009009009009 0.060240963855421686
1 0.2483108108108108 0.3453815261044177 0.028153153153153154 0.0642570281124498
1 0.2179054054054054 0.33232931726907633 0.019144144144144143 0.05421686746987952
1 0.20439189189189189 0.3493975903614458 0.02364864864864865 0.060240963855421686
1 0.18524774774774774 0.3192771084337349 0.02364864864864865 0.060240963855421686
1 0.15765765765765766 0.3293172690763052 0.024774774774774775 0.06827309236947791
1 0.06531531531531531 0.35040160642570284 0.02252252252252252 0.05421686746987952
