0 0.33653846153846156 0.359375 0.07692307692307693 0.10817307692307693
0 0.0673076923076923 0.3449519230769231 0.10576923076923077 0.11778846153846154
0 0.625 0.34375 0.08173076923076923 0.1201923076923077
0 0.8269230769230769 0.3545673076923077 0.07692307692307693 0.09375
0 0.9026442307692307 0.4170673076923077 0.09375 0.11298076923076923
0 0.5649038461538461 0.3401442307692308 0.057692307692307696 0.10336538461538461
0 0.2283653846153846 0.36177884615384615 0.12980769230769232 0.15625
0 0.6995192307692307 0.38461538461538464 0.07211538461538461 0.08173076923076923
0 0.3942307692307692 0.4074519230769231 0.057692307692307696 0.0889423076923077
0 0.4639423076923077 0.3870192307692308 0.038461538461538464 0.052884615384615384
