1 0.9338942307692307 0.3566265060240964 0.12740384615384615 0.23132530120481928
1 0.6826923076923077 0.3927710843373494 0.10096153846153846 0.11566265060240964
1 0.59375 0.41204819277108434 0.07692307692307693 0.0819277108433735
1 0.5 0.39397590361445783 0.0625 0.08433734939759036
0 0.1141826923076923 0.41204819277108434 0.12259615384615384 0.13012048192771083
0 0.30528846153846156 0.3686746987951807 0.09615384615384616 0.10120481927710843
0 0.3629807692307692 0.43373493975903615 0.057692307692307696 0.07710843373493977
0 0.4411057692307692 0.43253012048192774 0.040865384615384616 0.060240963855421686
0 0.042067307692307696 0.4867469879518072 0.05048076923076923 0.06746987951807229
1 0.9326923076923077 0.046987951807228916 0.12980769230769232 0.09397590361445783
