1 0.09148936170212765 0.30875 0.1148936170212766 0.1525
1 0.21382978723404256 0.39125 0.036170212765957444 0.0525
1 0.28829787234042553 0.385 0.06170212765957447 0.085
1 0.3574468085106383 0.365 0.05106382978723404 0.09
1 0.39787234042553193 0.35375 0.04680851063829787 0.0875
1 0.44468085106382976 0.36125 0.0425531914893617 0.0725
1 0.474468085106383 0.38625 0.03829787234042553 0.0625
1 0.5106382978723404 0.36 0.03829787234042553 0.055
1 0.5414893617021277 0.39 0.027659574468085105 0.05
1 0.5648936170212766 0.37375 0.04893617021276596 0.0625
1 0.6202127659574468 0.38 0.04893617021276596 0.075
1 0.6734042553191489 0.38 0.04893617021276596 0.075
1 0.7404255319148936 0.39875 0.04680851063829787 0.0675
1 0.8170212765957446 0.395 0.04680851063829787 0.075
1 0.8819148936170212 0.395 0.04468085106382979 0.075
1 0.9457446808510638 0.4075 0.04468085106382979 0.075
1 0.9712765957446808 0.3725 0.0574468085106383 0.085
1 0.36914893617021277 0.5625 0.06595744680851064 0.09
