1 0.026 0.21466666666666667 0.048 0.17333333333333334
1 0.094 0.19866666666666666 0.124 0.20533333333333334
1 0.208 0.26266666666666666 0.12 0.15733333333333333
1 0.282 0.272 0.06 0.13333333333333333
1 0.303 0.336 0.03 0.06933333333333333
1 0.353 0.26266666666666666 0.022 0.050666666666666665
1 0.38 0.2826666666666667 0.048 0.07466666666666667
1 0.412 0.312 0.032 0.05333333333333334
1 0.438 0.304 0.036 0.064
1 0.485 0.31066666666666665 0.026 0.04533333333333334
1 0.509 0.2906666666666667 0.038 0.064
1 0.571 0.2986666666666667 0.034 0.05333333333333334
1 0.648 0.30933333333333335 0.036 0.058666666666666666
1 0.701 0.292 0.046 0.07733333333333334
1 0.776 0.3253333333333333 0.032 0.07466666666666667
1 0.812 0.32 0.056 0.08
1 0.589 0.33066666666666666 0.042 0.064
1 0.733 0.332 0.034 0.056
1 0.982 0.35733333333333334 0.036 0.10133333333333333
