1 0.2800480769230769 0.3686746987951807 0.06490384615384616 0.0819277108433735
1 0.8305288461538461 0.3204819277108434 0.055288461538461536 0.0963855421686747
1 0.6754807692307693 0.3144578313253012 0.10096153846153846 0.1180722891566265
0 0.4675480769230769 0.3072289156626506 0.07451923076923077 0.10361445783132531
1 0.796875 0.3228915662650602 0.036057692307692304 0.0819277108433735
1 0.5600961538461539 0.3650602409638554 0.038461538461538464 0.05060240963855422
1 0.2800480769230769 0.09397590361445783 0.06490384615384616 0.0819277108433735
1 0.8305288461538461 0.14216867469879518 0.055288461538461536 0.0963855421686747
1 0.6754807692307693 0.15060240963855423 0.10096153846153846 0.1180722891566265
0 0.4675480769230769 0.1578313253012048 0.07451923076923077 0.10361445783132531
1 0.796875 0.13975903614457832 0.036057692307692304 0.0819277108433735
1 0.5600961538461539 0.1 0.038461538461538464 0.05060240963855422
