1 0.7980769230769231 0.44457831325301206 0.08173076923076923 0.09879518072289156
0 0.6730769230769231 0.44096385542168676 0.057692307692307696 0.07228915662650602
0 0.7367788461538461 0.4542168674698795 0.04567307692307692 0.060240963855421686
0 0.8846153846153846 0.4566265060240964 0.03365384615384615 0.04578313253012048
1 0.3713942307692308 0.44096385542168676 0.04567307692307692 0.05783132530120482
0 0.546875 0.4710843373493976 0.055288461538461536 0.05060240963855422
1 0.5504807692307693 0.4397590361445783 0.038461538461538464 0.04578313253012048
0 0.9254807692307693 0.4578313253012048 0.02403846153846154 0.03855421686746988
0 0.9867788461538461 0.43734939759036146 0.021634615384615384 0.05542168674698795
0 0.9723557692307693 0.4614457831325301 0.036057692307692304 0.05060240963855422
