0 0.16280864197530864 0.6130434782608696 0.0941358024691358 0.13478260869565217
0 0.16898148148148148 0.5108695652173914 0.05709876543209876 0.09130434782608696
0 0.09182098765432099 0.8130434782608695 0.16820987654320987 0.3521739130434783
0 0.23070987654320987 0.4989130434782609 0.047839506172839504 0.06304347826086956
0 0.25617283950617287 0.558695652173913 0.08024691358024691 0.10869565217391304
0 0.3912037037037037 0.4891304347826087 0.044753086419753084 0.0782608695652174
0 0.5570987654320988 0.5282608695652173 0.04938271604938271 0.08260869565217391
0 0.6010802469135802 0.566304347826087 0.05709876543209876 0.09347826086956522
0 0.6496913580246914 0.5989130434782609 0.06172839506172839 0.10652173913043478
0 0.7222222222222222 0.6184782608695653 0.09259259259259259 0.13260869565217392
0 0.8016975308641975 0.7902173913043479 0.1527777777777778 0.24565217391304348
