1 0.13341346153846154 0.3542168674698795 0.06971153846153846 0.06746987951807229
1 0.38100961538461536 0.40843373493975904 0.04567307692307692 0.05542168674698795
1 0.33533653846153844 0.41325301204819276 0.036057692307692304 0.04578313253012048
1 0.6298076923076923 0.40963855421686746 0.04326923076923077 0.05301204819277108
1 0.5805288461538461 0.40602409638554215 0.040865384615384616 0.05060240963855422
1 0.6923076923076923 0.40963855421686746 0.038461538461538464 0.04819277108433735
1 0.7487980769230769 0.40602409638554215 0.040865384615384616 0.05542168674698795
1 0.828125 0.41325301204819276 0.036057692307692304 0.05542168674698795
1 0.8665865384615384 0.3927710843373494 0.04567307692307692 0.05783132530120482
1 0.23677884615384615 0.41566265060240964 0.04567307692307692 0.05060240963855422
1 0.042067307692307696 0.42289156626506025 0.04567307692307692 0.06506024096385542
1 0.14182692307692307 0.40481927710843374 0.03365384615384615 0.05301204819277108
1 0.15865384615384615 0.41566265060240964 0.03365384615384615 0.060240963855421686
1 0.13221153846153846 0.007228915662650603 0.07211538461538461 0.014457831325301205
