0 0.5204326923076923 0.35336538461538464 0.07932692307692307 0.08653846153846154
0 0.8353365384615384 0.35096153846153844 0.06971153846153846 0.09134615384615384
0 0.296875 0.3473557692307692 0.08413461538461539 0.0985576923076923
0 0.6706730769230769 0.34975961538461536 0.0673076923076923 0.0889423076923077
0 0.18269230769230768 0.3605769230769231 0.09134615384615384 0.10576923076923077
0 0.10096153846153846 0.33052884615384615 0.09615384615384616 0.11778846153846154
0 0.5192307692307693 0.01201923076923077 0.08173076923076923 0.02403846153846154
0 0.8341346153846154 0.014423076923076924 0.07211538461538461 0.028846153846153848
0 0.2956730769230769 0.018028846153846152 0.08653846153846154 0.036057692307692304
0 0.671875 0.014423076923076924 0.06971153846153846 0.028846153846153848
0 0.18389423076923078 0.013221153846153846 0.09375 0.026442307692307692
0 0.10216346153846154 0.03125 0.0985576923076923 0.0625
