1 0.4575 0.6120527306967984 0.0675 0.1318267419962335
1 0.139375 0.2815442561205273 0.06375 0.11487758945386065
1 0.23875 0.2768361581920904 0.0425 0.0903954802259887
1 0.29625 0.288135593220339 0.0375 0.07156308851224105
1 0.36375 0.2777777777777778 0.0275 0.0583804143126177
1 0.40625 0.2693032015065913 0.0425 0.0903954802259887
1 0.465 0.2806026365348399 0.04 0.08286252354048965
1 0.52375 0.2570621468926554 0.0425 0.09981167608286252
1 0.666875 0.2627118644067797 0.02375 0.0583804143126177
1 0.693125 0.2617702448210923 0.04125 0.0903954802259887
1 0.77625 0.2702448210922787 0.05 0.09227871939736347
1 0.83625 0.2344632768361582 0.0625 0.11487758945386065
1 0.95 0.2231638418079096 0.0675 0.1337099811676083
1 0.61125 0.243879472693032 0.0475 0.09981167608286252
1 0.018125 0.2674199623352166 0.03375 0.09792843691148775
