1 0.7103365384615384 0.3108433734939759 0.06490384615384616 0.0819277108433735
0 0.8389423076923077 0.3132530120481928 0.0673076923076923 0.07710843373493977
0 0.4651442307692308 0.3240963855421687 0.06490384615384616 0.07951807228915662
0 0.30649038461538464 0.30843373493975906 0.06490384615384616 0.08674698795180723
0 0.6201923076923077 0.3373493975903614 0.057692307692307696 0.06746987951807229
0 0.1346153846153846 0.2963855421686747 0.07211538461538461 0.0819277108433735
0 0.35336538461538464 0.31204819277108437 0.057692307692307696 0.08433734939759036
0 0.22115384615384615 0.3313253012048193 0.04326923076923077 0.05542168674698795
0 0.06850961538461539 0.3506024096385542 0.04567307692307692 0.06987951807228916
1 0.7091346153846154 0.03253012048192771 0.0673076923076923 0.06506024096385542
0 0.8401442307692307 0.030120481927710843 0.06971153846153846 0.060240963855421686
0 0.4639423076923077 0.02530120481927711 0.0673076923076923 0.05060240963855422
0 0.30528846153846156 0.03493975903614458 0.0673076923076923 0.06987951807228916
0 0.6213942307692307 0.01566265060240964 0.06009615384615385 0.03132530120481928
0 0.13581730769230768 0.03975903614457831 0.07451923076923077 0.07951807228915662
0 0.3545673076923077 0.03253012048192771 0.06009615384615385 0.06506024096385542
0 0.22235576923076922 0.01566265060240964 0.04567307692307692 0.03132530120481928
0 0.0673076923076923 0.00963855421686747 0.04807692307692308 0.01927710843373494
