0 0.112109375 0.09166666666666666 0.02578125 0.05
0 0.1640625 0.0763888888888889 0.0203125 0.041666666666666664
0 0.20390625 0.08333333333333333 0.0203125 0.03611111111111111
0 0.2296875 0.10069444444444445 0.0171875 0.03194444444444444
0 0.2671875 0.10277777777777777 0.021875 0.044444444444444446
0 0.3125 0.06875 0.0296875 0.0625
0 0.03671875 0.11736111111111111 0.0109375 0.02638888888888889
0 0.5046875 0.12013888888888889 0.0140625 0.029166666666666667
0 0.562109375 0.15347222222222223 0.01640625 0.034722222222222224
0 0.578515625 0.13125 0.01484375 0.03194444444444444
0 0.649609375 0.1423611111111111 0.01484375 0.03194444444444444
0 0.678125 0.15763888888888888 0.0125 0.02638888888888889
0 0.726171875 0.1388888888888889 0.01640625 0.03611111111111111
0 0.7703125 0.1423611111111111 0.015625 0.034722222222222224
0 0.832421875 0.1284722222222222 0.01796875 0.0375
0 0.847265625 0.15138888888888888 0.01640625 0.03333333333333333
0 0.92734375 0.1361111111111111 0.021875 0.03611111111111111
