1 0.446875 0.5125 0.05125 0.095
1 0.4825 0.5433333333333333 0.055 0.09666666666666666
1 0.423125 0.6058333333333333 0.06375 0.115
1 0.356875 0.535 0.05625 0.1
1 0.304375 0.5316666666666666 0.05125 0.09
1 0.268125 0.5983333333333334 0.07875 0.13666666666666666
1 0.249375 0.49833333333333335 0.06125 0.1
1 0.515 0.7958333333333333 0.08 0.12833333333333333
1 0.038125 0.5658333333333333 0.06625 0.11833333333333333
1 0.096875 0.56 0.07875 0.12666666666666668
1 0.16375 0.5083333333333333 0.08 0.13666666666666666
1 0.625625 0.5008333333333334 0.04875 0.09166666666666666
1 0.729375 0.5616666666666666 0.05875 0.10333333333333333
1 0.77375 0.535 0.055 0.08666666666666667
1 0.825625 0.545 0.06125 0.10666666666666667
1 0.94375 0.5375 0.07 0.115
1 0.6825 0.7266666666666667 0.055 0.1
