1 0.225 0.32732732732732733 0.046 0.07207207207207207
1 0.352 0.31981981981981983 0.044 0.08108108108108109
1 0.468 0.36186186186186187 0.06 0.0990990990990991
1 0.509 0.34384384384384387 0.034 0.07507507507507508
1 0.518 0.24774774774774774 0.028 0.057057057057057055
1 0.585 0.3888888888888889 0.038 0.07507507507507508
1 0.664 0.39039039039039036 0.02 0.036036036036036036
1 0.72 0.4009009009009009 0.02 0.04504504504504504
1 0.639 0.3888888888888889 0.018 0.03303303303303303
1 0.614 0.3708708708708709 0.02 0.03303303303303303
1 0.864 0.4069069069069069 0.032 0.057057057057057055
