0 0.87625 0.34277879341864714 0.055 0.10420475319926874
0 0.7975 0.34095063985374774 0.045 0.08592321755027423
0 0.75625 0.31078610603290674 0.045 0.08043875685557587
0 0.61125 0.34643510054844606 0.04 0.08592321755027423
0 0.555 0.3071297989031079 0.035 0.07312614259597806
0 0.5125 0.34186471663619744 0.0375 0.07678244972577697
0 0.450625 0.37385740402193784 0.03875 0.08226691042047532
0 0.418125 0.31992687385740404 0.03875 0.07312614259597806
0 0.3725 0.3537477148080439 0.035 0.08226691042047532
0 0.349375 0.22851919561243145 0.04125 0.07312614259597806
0 0.2925 0.21480804387568556 0.0375 0.07495429616087751
0 0.310625 0.2842778793418647 0.03875 0.07495429616087751
0 0.273125 0.3336380255941499 0.04625 0.08592321755027423
0 0.21125 0.3272394881170018 0.0425 0.08775137111517367
0 0.22 0.18738574040219377 0.0425 0.08592321755027423
0 0.1475 0.29341864716636196 0.05 0.09689213893967093
1 0.708125 0.3446069469835466 0.05125 0.09689213893967093
1 0.476875 0.3272394881170018 0.03375 0.07312614259597806
1 0.654375 0.3336380255941499 0.04125 0.08957952468007313
