1 0.8665865384615384 0.40963855421686746 0.07451923076923077 0.10120481927710843
1 0.75 0.46265060240963857 0.08173076923076923 0.11566265060240964
1 0.9278846153846154 0.38072289156626504 0.10576923076923077 0.13975903614457832
0 0.34975961538461536 0.3855421686746988 0.1466346153846154 0.15421686746987953
0 0.5372596153846154 0.37349397590361444 0.11778846153846154 0.15421686746987953
1 0.6682692307692307 0.41204819277108434 0.125 0.163855421686747
0 0.052884615384615384 0.463855421686747 0.10096153846153846 0.15180722891566265
1 0.028846153846153848 0.2710843373493976 0.057692307692307696 0.20481927710843373
0 0.5360576923076923 0.01927710843373494 0.1201923076923077 0.03855421686746988
1 0.030048076923076924 0.08313253012048193 0.06009615384615385 0.16626506024096385
