0 0.11177884615384616 0.5373493975903615 0.036057692307692304 0.033734939759036145
0 0.2091346153846154 0.5289156626506024 0.03365384615384615 0.04096385542168675
0 0.25721153846153844 0.5228915662650603 0.028846153846153848 0.03855421686746988
0 0.3786057692307692 0.5216867469879518 0.04567307692307692 0.04096385542168675
0 0.5408653846153846 0.5337349397590362 0.028846153846153848 0.03614457831325301
0 0.5913461538461539 0.5204819277108433 0.03365384615384615 0.03855421686746988
0 0.6634615384615384 0.5240963855421686 0.038461538461538464 0.04096385542168675
0 0.7439903846153846 0.5240963855421686 0.03125 0.03614457831325301
0 0.7836538461538461 0.5325301204819277 0.02403846153846154 0.033734939759036145
0 0.8088942307692307 0.5120481927710844 0.040865384615384616 0.04096385542168675
