1 0.045657015590200446 0.185 0.08685968819599109 0.24333333333333335
1 0.19042316258351893 0.22333333333333333 0.11804008908685969 0.22
1 0.0935412026726058 0.2783333333333333 0.062360801781737196 0.15666666666666668
1 0.2962138084632517 0.24833333333333332 0.111358574610245 0.19666666666666666
1 0.39420935412026725 0.285 0.0935412026726058 0.18333333333333332
1 0.5300668151447662 0.32 0.0935412026726058 0.15333333333333332
1 0.6035634743875279 0.3333333333333333 0.08908685968819599 0.15333333333333332
1 0.6904231625835189 0.45666666666666667 0.04899777282850779 0.09333333333333334
1 0.7661469933184856 0.31333333333333335 0.10244988864142539 0.16666666666666666
1 0.9097995545657016 0.42333333333333334 0.051224944320712694 0.12
