1 0.17908653846153846 0.43373493975903615 0.06971153846153846 0.0819277108433735
1 0.5180288461538461 0.44819277108433736 0.04567307692307692 0.05783132530120482
1 0.7752403846153846 0.4650602409638554 0.06490384615384616 0.05783132530120482
1 0.2692307692307692 0.43493975903614457 0.04326923076923077 0.060240963855421686
1 0.4014423076923077 0.4686746987951807 0.038461538461538464 0.04096385542168675
1 0.5685096153846154 0.4710843373493976 0.03125 0.04096385542168675
1 0.6538461538461539 0.4674698795180723 0.038461538461538464 0.043373493975903614
1 0.7247596153846154 0.4831325301204819 0.040865384615384616 0.04578313253012048
1 0.8509615384615384 0.4759036144578313 0.03365384615384615 0.04578313253012048
1 0.8810096153846154 0.4771084337349398 0.036057692307692304 0.04819277108433735
1 0.9807692307692307 0.4530120481927711 0.03365384615384615 0.05783132530120482
