0 0.175625 0.3333333333333333 0.05625 0.10333333333333333
0 0.28625 0.3475 0.0325 0.055
0 0.313125 0.3616666666666667 0.01875 0.03333333333333333
0 0.749375 0.28833333333333333 0.05875 0.09666666666666666
1 0.430625 0.3441666666666667 0.08875 0.17166666666666666
1 0.381875 0.34 0.03375 0.09666666666666666
1 0.56125 0.3408333333333333 0.085 0.12833333333333333
1 0.114375 0.3566666666666667 0.02625 0.043333333333333335
0 0.079375 0.3541666666666667 0.01875 0.03166666666666667
1 0.060625 0.355 0.01875 0.03666666666666667
1 0.02375 0.355 0.02 0.03
0 0.009375 0.36 0.01625 0.03333333333333333
