1 0.9459134615384616 0.375 0.06971153846153846 0.09134615384615384
1 0.04807692307692308 0.41225961538461536 0.057692307692307696 0.07451923076923077
1 0.7524038461538461 0.3942307692307692 0.057692307692307696 0.07211538461538461
1 0.8485576923076923 0.39302884615384615 0.057692307692307696 0.07451923076923077
1 0.6538461538461539 0.3942307692307692 0.052884615384615384 0.0673076923076923
1 0.49759615384615385 0.4074519230769231 0.052884615384615384 0.06490384615384616
1 0.27403846153846156 0.4014423076923077 0.057692307692307696 0.057692307692307696
1 0.19471153846153846 0.42908653846153844 0.052884615384615384 0.06009615384615385
1 0.5829326923076923 0.4110576923076923 0.055288461538461536 0.0673076923076923
1 0.140625 0.41586538461538464 0.04567307692307692 0.0625
1 0.421875 0.4050480769230769 0.04567307692307692 0.06009615384615385
1 0.3473557692307692 0.42908653846153844 0.04567307692307692 0.06009615384615385
1 0.9447115384615384 0.04567307692307692 0.07211538461538461 0.09134615384615384
1 0.04927884615384615 0.02283653846153846 0.06009615384615385 0.04567307692307692
1 0.7536057692307693 0.03125 0.06009615384615385 0.0625
1 0.8497596153846154 0.03245192307692308 0.06009615384615385 0.06490384615384616
1 0.6550480769230769 0.030048076923076924 0.055288461538461536 0.06009615384615385
1 0.4987980769230769 0.02283653846153846 0.055288461538461536 0.04567307692307692
1 0.27524038461538464 0.02403846153846154 0.06009615384615385 0.04807692307692308
1 0.19591346153846154 0.010817307692307692 0.055288461538461536 0.021634615384615384
1 0.5817307692307693 0.021634615384615384 0.057692307692307696 0.04326923076923077
1 0.13942307692307693 0.018028846153846152 0.04807692307692308 0.036057692307692304
1 0.4206730769230769 0.02283653846153846 0.04807692307692308 0.04567307692307692
1 0.34615384615384615 0.010817307692307692 0.04807692307692308 0.021634615384615384
