1 0.41586538461538464 0.2644230769230769 0.16346153846153846 0.16346153846153846
1 0.49278846153846156 0.4387019230769231 0.08173076923076923 0.09375
1 0.17307692307692307 0.43028846153846156 0.07692307692307693 0.11057692307692307
1 0.021634615384615384 0.3737980769230769 0.04326923076923077 0.0889423076923077
1 0.5649038461538461 0.44471153846153844 0.057692307692307696 0.0625
1 0.5012019230769231 0.35096153846153844 0.03125 0.038461538461538464
1 0.5985576923076923 0.4206730769230769 0.04326923076923077 0.038461538461538464
1 0.7295673076923077 0.4098557692307692 0.03125 0.036057692307692304
1 0.8413461538461539 0.3629807692307692 0.02403846153846154 0.03365384615384615
1 0.6862980769230769 0.3918269230769231 0.03125 0.03365384615384615
1 0.7379807692307693 0.3701923076923077 0.02403846153846154 0.03365384615384615
1 0.5961538461538461 0.35216346153846156 0.03365384615384615 0.036057692307692304
1 0.7127403846153846 0.3545673076923077 0.021634615384615384 0.036057692307692304
1 0.4170673076923077 0.07572115384615384 0.1658653846153846 0.15144230769230768
