1 0.6346153846153846 0.4602409638554217 0.04326923076923077 0.03855421686746988
1 0.6983173076923077 0.4433734939759036 0.040865384615384616 0.03855421686746988
1 0.2548076923076923 0.21325301204819277 0.028846153846153848 0.02650602409638554
1 0.04567307692307692 0.19036144578313252 0.03365384615384615 0.033734939759036145
1 0.1045673076923077 0.1891566265060241 0.026442307692307692 0.03132530120481928
1 0.5793269230769231 0.42409638554216866 0.03365384615384615 0.033734939759036145
1 0.5865384615384616 0.38795180722891565 0.03365384615384615 0.033734939759036145
1 0.59375 0.3096385542168675 0.019230769230769232 0.03132530120481928
1 0.6442307692307693 0.3746987951807229 0.03365384615384615 0.03132530120481928
1 0.2548076923076923 0.1216867469879518 0.028846153846153848 0.02650602409638554
1 0.04567307692307692 0.14216867469879518 0.03365384615384615 0.033734939759036145
1 0.1045673076923077 0.14578313253012049 0.026442307692307692 0.03132530120481928
1 0.59375 0.02530120481927711 0.019230769230769232 0.03132530120481928
