1 0.6189903846153846 0.41346153846153844 0.11778846153846154 0.1778846153846154
1 0.5012019230769231 0.3798076923076923 0.11778846153846154 0.1778846153846154
0 0.7463942307692307 0.33653846153846156 0.16105769230769232 0.20192307692307693
0 0.3245192307692308 0.3786057692307692 0.08653846153846154 0.10817307692307693
0 0.4014423076923077 0.3942307692307692 0.07211538461538461 0.08173076923076923
0 0.9423076923076923 0.4639423076923077 0.09134615384615384 0.10096153846153846
0 0.2512019230769231 0.3737980769230769 0.06971153846153846 0.0889423076923077
1 0.21033653846153846 0.4074519230769231 0.04567307692307692 0.04567307692307692
0 0.11057692307692307 0.4026442307692308 0.03365384615384615 0.03125
0 0.15504807692307693 0.4074519230769231 0.021634615384615384 0.03125
