1 0.6156626506024097 0.45072115384615385 0.060240963855421686 0.06971153846153846
1 0.8228915662650602 0.5048076923076923 0.06506024096385542 0.10576923076923077
1 0.3108433734939759 0.5745192307692307 0.033734939759036145 0.052884615384615384
1 0.4 0.6117788461538461 0.05301204819277108 0.06490384615384616
1 0.44216867469879517 0.5961538461538461 0.05542168674698795 0.057692307692307696
1 0.4650602409638554 0.5252403846153846 0.033734939759036145 0.040865384615384616
1 0.6843373493975904 0.45552884615384615 0.04819277108433735 0.055288461538461536
0 0.7674698795180723 0.5276442307692307 0.10361445783132531 0.14182692307692307
0 0.7385542168674699 0.4387019230769231 0.02650602409638554 0.03125
1 0.9240963855421687 0.5048076923076923 0.06506024096385542 0.10576923076923077
0 0.9614457831325302 0.5264423076923077 0.07228915662650602 0.14423076923076922
