0 0.1045673076923077 0.3855421686746988 0.07932692307692307 0.08674698795180723
0 0.6947115384615384 0.41445783132530123 0.0673076923076923 0.08674698795180723
0 0.1935096153846154 0.42048192771084336 0.06009615384615385 0.0746987951807229
0 0.8233173076923077 0.4433734939759036 0.06009615384615385 0.06265060240963856
0 0.2980769230769231 0.42048192771084336 0.057692307692307696 0.060240963855421686
0 0.9050480769230769 0.45903614457831327 0.055288461538461536 0.06987951807228916
0 0.3858173076923077 0.43132530120481927 0.04567307692307692 0.05783132530120482
0 0.5793269230769231 0.41445783132530123 0.03365384615384615 0.05783132530120482
0 0.24639423076923078 0.43253012048192774 0.040865384615384616 0.06506024096385542
0 0.5540865384615384 0.42289156626506025 0.026442307692307692 0.05542168674698795
0 0.8665865384615384 0.41807228915662653 0.04567307692307692 0.05542168674698795
0 0.9615384615384616 0.4530120481927711 0.057692307692307696 0.07228915662650602
