0 0.031 0.4239700374531835 0.033 0.0449438202247191
0 0.01575 0.46179775280898877 0.0235 0.051685393258426963
0 0.032 0.3842696629213483 0.028 0.041947565543071164
0 0.08525 0.35842696629213483 0.0165 0.029213483146067417
0 0.09175 0.3921348314606742 0.0305 0.045692883895131084
0 0.11425 0.3898876404494382 0.0145 0.026217228464419477
0 0.12775 0.3546816479400749 0.0145 0.024719101123595506
0 0.1715 0.3790262172284644 0.017 0.02846441947565543
0 0.1495 0.4161048689138577 0.044 0.05917602996254682
0 0.18925 0.4764044943820225 0.0575 0.09737827715355805
0 0.274 0.4397003745318352 0.049 0.07790262172284644
0 0.182 0.748689138576779 0.146 0.21647940074906366
0 0.33275 0.6868913857677903 0.0855 0.14382022471910114
0 0.4255 0.448689138576779 0.035 0.052434456928838954
0 0.45825 0.45056179775280897 0.0265 0.033707865168539325
0 0.4665 0.4958801498127341 0.042 0.06591760299625468
0 0.51 0.5782771535580524 0.065 0.10786516853932585
0 0.59325 0.501498127340824 0.0455 0.07265917602996255
1 0.40325 0.5254681647940075 0.0635 0.10262172284644194
1 0.66325 0.4846441947565543 0.0425 0.06591760299625468
1 0.7405 0.552434456928839 0.057 0.08164794007490636
1 0.889 0.6441947565543071 0.063 0.10187265917602996
0 0.614 0.8235955056179776 0.104 0.1745318352059925
0 0.76775 0.6280898876404495 0.0765 0.12808988764044943
0 0.81325 0.4689138576779026 0.0425 0.06142322097378277
0 0.92375 0.5202247191011236 0.0425 0.07265917602996255
0 0.2905 0.36254681647940074 0.03 0.04794007490636704
0 0.3685 0.4441947565543071 0.04 0.052434456928838954
