1 0.9158653846153846 0.4206730769230769 0.04326923076923077 0.0673076923076923
0 0.5264423076923077 0.42908653846153844 0.057692307692307696 0.07451923076923077
0 0.10697115384615384 0.4723557692307692 0.06971153846153846 0.06490384615384616
0 0.25600961538461536 0.45072115384615385 0.055288461538461536 0.06971153846153846
0 0.40024038461538464 0.43509615384615385 0.06009615384615385 0.07211538461538461
0 0.6033653846153846 0.4495192307692308 0.04807692307692308 0.0625
0 0.6778846153846154 0.42427884615384615 0.04807692307692308 0.06490384615384616
0 0.6526442307692307 0.4735576923076923 0.05048076923076923 0.057692307692307696
0 0.44711538461538464 0.4495192307692308 0.03365384615384615 0.052884615384615384
0 0.3269230769230769 0.4579326923076923 0.038461538461538464 0.040865384615384616
0 0.16346153846153846 0.4651442307692308 0.038461538461538464 0.04567307692307692
1 0.9807692307692307 0.4387019230769231 0.03365384615384615 0.06971153846153846
1 0.9459134615384616 0.44471153846153844 0.03125 0.052884615384615384
0 0.7307692307692307 0.44591346153846156 0.02403846153846154 0.040865384615384616
