1 0.18870192307692307 0.4375 0.06490384615384616 0.0673076923076923
1 0.8918269230769231 0.4831730769230769 0.04326923076923077 0.057692307692307696
0 0.9350961538461539 0.48677884615384615 0.04807692307692308 0.06009615384615385
1 0.8966346153846154 0.43509615384615385 0.03365384615384615 0.04807692307692308
1 0.8161057692307693 0.4699519230769231 0.026442307692307692 0.05048076923076923
0 0.7836538461538461 0.46634615384615385 0.04326923076923077 0.04807692307692308
0 0.2848557692307692 0.4387019230769231 0.04567307692307692 0.05048076923076923
0 0.38341346153846156 0.484375 0.036057692307692304 0.036057692307692304
0 0.41225961538461536 0.4699519230769231 0.026442307692307692 0.04567307692307692
0 0.4375 0.4639423076923077 0.03365384615384615 0.052884615384615384
1 0.4951923076923077 0.4579326923076923 0.028846153846153848 0.055288461538461536
0 0.5264423076923077 0.4543269230769231 0.038461538461538464 0.057692307692307696
0 0.6346153846153846 0.47716346153846156 0.04807692307692308 0.06490384615384616
0 0.5721153846153846 0.4639423076923077 0.03365384615384615 0.057692307692307696
0 0.6634615384615384 0.4639423076923077 0.03365384615384615 0.057692307692307696
