1 0.15162454873646208 0.38071065989847713 0.039711191335740074 0.08121827411167512
1 0.19494584837545126 0.37817258883248733 0.032490974729241874 0.06598984771573604
1 0.22382671480144403 0.37944162436548223 0.032490974729241874 0.06852791878172589
1 0.26173285198555957 0.37817258883248733 0.039711191335740074 0.07106598984771574
1 0.3240072202166065 0.38071065989847713 0.02707581227436823 0.06091370558375635
1 0.3546931407942238 0.39213197969543145 0.03790613718411552 0.07360406091370558
1 0.4259927797833935 0.39847715736040606 0.02527075812274368 0.05583756345177665
1 0.44855595667870035 0.39593908629441626 0.016245487364620937 0.06091370558375635
1 0.4684115523465704 0.3946700507614213 0.030685920577617327 0.06345177664974619
1 0.5351985559566786 0.3934010152284264 0.023465703971119134 0.06091370558375635
1 0.5604693140794224 0.38578680203045684 0.03429602888086643 0.07106598984771574
1 0.6507220216606499 0.3895939086294416 0.019855595667870037 0.0583756345177665
1 0.6714801444043321 0.383248730964467 0.036101083032490974 0.07106598984771574
1 0.7924187725631769 0.383248730964467 0.021660649819494584 0.06598984771573604
1 0.9025270758122743 0.399746192893401 0.036101083032490974 0.06345177664974619
0 0.08212996389891697 0.3870558375634518 0.030685920577617327 0.0583756345177665
0 0.11462093862815885 0.39086294416243655 0.030685920577617327 0.04568527918781726
0 0.5072202166064982 0.4035532994923858 0.02527075812274368 0.050761421319796954
0 0.7409747292418772 0.39720812182741116 0.02707581227436823 0.048223350253807105
0 0.8492779783393501 0.39213197969543145 0.02707581227436823 0.048223350253807105
0 0.9548736462093863 0.38451776649746194 0.032490974729241874 0.0532994923857868
1 0.7716606498194946 0.3934010152284264 0.03429602888086643 0.07614213197969544
