1 0.25600961538461536 0.5807228915662651 0.06971153846153846 0.05783132530120482
1 0.5300480769230769 0.6807228915662651 0.016826923076923076 0.03132530120481928
1 0.8401442307692307 0.7240963855421687 0.021634615384615384 0.03132530120481928
1 0.6526442307692307 0.7036144578313253 0.016826923076923076 0.024096385542168676
1 0.5673076923076923 0.7012048192771084 0.019230769230769232 0.024096385542168676
1 0.6237980769230769 0.6987951807228916 0.016826923076923076 0.024096385542168676
1 0.5288461538461539 0.9843373493975903 0.019230769230769232 0.02650602409638554
1 0.8401442307692307 0.9457831325301205 0.021634615384615384 0.03132530120481928
1 0.6526442307692307 0.963855421686747 0.016826923076923076 0.024096385542168676
1 0.5673076923076923 0.9662650602409638 0.019230769230769232 0.024096385542168676
1 0.6237980769230769 0.9686746987951808 0.016826923076923076 0.024096385542168676
