0 0.3076923076923077 0.3542168674698795 0.0625 0.0819277108433735
0 0.828125 0.3469879518072289 0.06971153846153846 0.0819277108433735
0 0.6310096153846154 0.327710843373494 0.055288461538461536 0.07228915662650602
0 0.4495192307692308 0.3530120481927711 0.052884615384615384 0.060240963855421686
0 0.0829326923076923 0.3795180722891566 0.055288461538461536 0.06987951807228916
0 0.5901442307692307 0.363855421686747 0.036057692307692304 0.05783132530120482
0 0.7992788461538461 0.3253012048192771 0.04567307692307692 0.05301204819277108
0 0.24519230769230768 0.3373493975903614 0.028846153846153848 0.033734939759036145
0 0.20192307692307693 0.3373493975903614 0.02403846153846154 0.02891566265060241
0 0.0625 0.3409638554216867 0.038461538461538464 0.03614457831325301
0 0.3088942307692308 0.010843373493975903 0.06490384615384616 0.021686746987951807
0 0.8269230769230769 0.014457831325301205 0.07211538461538461 0.02891566265060241
0 0.6298076923076923 0.021686746987951807 0.057692307692307696 0.043373493975903614
0 0.45072115384615385 0.006024096385542169 0.055288461538461536 0.012048192771084338
0 0.7980769230769231 0.018072289156626505 0.04807692307692308 0.03614457831325301
0 0.24639423076923078 0.007228915662650603 0.03125 0.014457831325301205
0 0.203125 0.006024096385542169 0.026442307692307692 0.012048192771084338
0 0.06370192307692307 0.006024096385542169 0.040865384615384616 0.012048192771084338
