1 0.063 0.403030303030303 0.05 0.09090909090909091
1 0.163 0.4318181818181818 0.046 0.08787878787878788
1 0.222 0.3893939393939394 0.036 0.06363636363636363
1 0.245 0.44545454545454544 0.058 0.10303030303030303
1 0.313 0.4696969696969697 0.042 0.07878787878787878
1 0.408 0.44242424242424244 0.024 0.06060606060606061
1 0.44 0.4318181818181818 0.044 0.09393939393939393
1 0.543 0.43333333333333335 0.03 0.06060606060606061
1 0.58 0.42727272727272725 0.036 0.06060606060606061
1 0.642 0.4621212121212121 0.044 0.08787878787878788
1 0.745 0.42727272727272725 0.034 0.06060606060606061
1 0.865 0.44242424242424244 0.042 0.07272727272727272
1 0.796 0.45151515151515154 0.024 0.04242424242424243
