1 0.9266826923076923 0.5132211538461539 0.14182692307692307 0.17067307692307693
1 0.7560096153846154 0.22235576923076922 0.11298076923076923 0.10336538461538461
1 0.47596153846153844 0.3894230769230769 0.11057692307692307 0.15384615384615385
1 0.10817307692307693 0.27283653846153844 0.10096153846153846 0.10817307692307693
1 0.671875 0.40384615384615385 0.11298076923076923 0.15384615384615385
1 0.28846153846153844 0.36658653846153844 0.12980769230769232 0.19471153846153846
1 0.31490384615384615 0.2127403846153846 0.10576923076923077 0.0985576923076923
1 0.7956730769230769 0.375 0.11057692307692307 0.1201923076923077
1 0.5324519230769231 0.1658653846153846 0.10336538461538461 0.08173076923076923
1 0.7548076923076923 0.040865384615384616 0.11538461538461539 0.08173076923076923
1 0.109375 0.016826923076923076 0.10336538461538461 0.03365384615384615
1 0.3161057692307692 0.04447115384615385 0.10817307692307693 0.0889423076923077
1 0.5324519230769231 0.08413461538461539 0.10336538461538461 0.08173076923076923
