1 0.14783653846153846 0.3713942307692308 0.17067307692307693 0.21394230769230768
1 0.8125 0.390625 0.1778846153846154 0.21875
1 0.47596153846153844 0.35096153846153844 0.057692307692307696 0.08173076923076923
1 0.6129807692307693 0.3425480769230769 0.07692307692307693 0.10817307692307693
1 0.6790865384615384 0.3293269230769231 0.11778846153846154 0.12980769230769232
1 0.5372596153846154 0.34134615384615385 0.05048076923076923 0.07211538461538461
1 0.38461538461538464 0.35697115384615385 0.04807692307692308 0.06490384615384616
1 0.4206730769230769 0.34134615384615385 0.04326923076923077 0.0625
1 0.3088942307692308 0.3245192307692308 0.04567307692307692 0.057692307692307696
0 0.26802884615384615 0.34975961538461536 0.06971153846153846 0.09375
0 0.953125 0.3629807692307692 0.055288461538461536 0.057692307692307696
1 0.1466346153846154 0.039663461538461536 0.17307692307692307 0.07932692307692307
1 0.8137019230769231 0.03125 0.18028846153846154 0.0625
1 0.47716346153846156 0.016826923076923076 0.06009615384615385 0.03365384615384615
1 0.6141826923076923 0.027644230769230768 0.07932692307692307 0.055288461538461536
1 0.6778846153846154 0.039663461538461536 0.1201923076923077 0.07932692307692307
1 0.5360576923076923 0.019230769230769232 0.052884615384615384 0.038461538461538464
1 0.3858173076923077 0.009615384615384616 0.05048076923076923 0.019230769230769232
1 0.421875 0.016826923076923076 0.04567307692307692 0.03365384615384615
1 0.3076923076923077 0.02403846153846154 0.04807692307692308 0.04807692307692308
0 0.2668269230769231 0.020432692307692308 0.07211538461538461 0.040865384615384616
