1 0.8233173076923077 0.25903614457831325 0.17067307692307693 0.18072289156626506
0 0.08653846153846154 0.28313253012048195 0.07211538461538461 0.09397590361445783
0 0.6670673076923077 0.27590361445783135 0.06971153846153846 0.09397590361445783
0 0.14783653846153846 0.3024096385542169 0.09375 0.1180722891566265
0 0.49759615384615385 0.28072289156626506 0.11057692307692307 0.12289156626506025
0 0.43149038461538464 0.26506024096385544 0.07451923076923077 0.10602409638554217
0 0.9350961538461539 0.27951807228915665 0.057692307692307696 0.07228915662650602
0 0.7091346153846154 0.2746987951807229 0.038461538461538464 0.07710843373493977
0 0.5865384615384616 0.2674698795180723 0.0625 0.07228915662650602
1 0.8221153846153846 0.08313253012048193 0.17307692307692307 0.16626506024096385
0 0.08653846153846154 0.051807228915662654 0.07211538461538461 0.09397590361445783
0 0.6670673076923077 0.05903614457831325 0.06971153846153846 0.09397590361445783
0 0.1466346153846154 0.04578313253012048 0.09615384615384616 0.09156626506024096
0 0.4987980769230769 0.05783132530120482 0.11298076923076923 0.11566265060240964
0 0.43149038461538464 0.06746987951807229 0.07451923076923077 0.10602409638554217
0 0.9350961538461539 0.05301204819277108 0.057692307692307696 0.07228915662650602
0 0.7091346153846154 0.05783132530120482 0.038461538461538464 0.07710843373493977
0 0.5865384615384616 0.06506024096385542 0.0625 0.07228915662650602
