1 0.7548076923076923 0.40024038461538464 0.07692307692307693 0.0889423076923077
1 0.18028846153846154 0.3425480769230769 0.09615384615384616 0.10336538461538461
1 0.3473557692307692 0.36658653846153844 0.07932692307692307 0.10336538461538461
1 0.5877403846153846 0.38221153846153844 0.08413461538461539 0.10576923076923077
1 0.08052884615384616 0.3293269230769231 0.07932692307692307 0.09615384615384616
1 0.7560096153846154 0.02283653846153846 0.07932692307692307 0.04567307692307692
1 0.18028846153846154 0.05889423076923077 0.09615384615384616 0.10336538461538461
1 0.34615384615384615 0.04326923076923077 0.08173076923076923 0.08653846153846154
1 0.5865384615384616 0.036057692307692304 0.08653846153846154 0.07211538461538461
1 0.08052884615384616 0.06971153846153846 0.07932692307692307 0.09615384615384616
