0 0.125 0.30405405405405406 0.0525 0.09121621621621621
0 0.250625 0.3471283783783784 0.06375 0.10304054054054054
0 0.334375 0.27364864864864863 0.03875 0.060810810810810814
0 0.36375 0.2998310810810811 0.045 0.07601351351351351
0 0.4475 0.28209459459459457 0.03 0.08108108108108109
0 0.481875 0.30743243243243246 0.05875 0.11824324324324324
0 0.63375 0.3141891891891892 0.06 0.10472972972972973
0 0.674375 0.26182432432432434 0.02625 0.060810810810810814
0 0.68375 0.23141891891891891 0.025 0.04391891891891892
0 0.785 0.22466216216216217 0.025 0.0472972972972973
0 0.76 0.27280405405405406 0.0275 0.052364864864864864
0 0.8775 0.28209459459459457 0.0625 0.10810810810810811
