0 0.9206730769230769 0.4506024096385542 0.09615384615384616 0.08674698795180723
0 0.28365384615384615 0.42771084337349397 0.057692307692307696 0.06987951807228916
0 0.8040865384615384 0.4493975903614458 0.06971153846153846 0.0746987951807229
0 0.5769230769230769 0.43373493975903615 0.052884615384615384 0.05783132530120482
0 0.96875 0.40481927710843374 0.04807692307692308 0.09156626506024096
1 0.33052884615384615 0.43253012048192774 0.03125 0.05542168674698795
1 0.40024038461538464 0.44096385542168676 0.03125 0.03855421686746988
1 0.5300480769230769 0.4506024096385542 0.03125 0.03855421686746988
0 0.4483173076923077 0.4566265060240964 0.03125 0.04096385542168675
0 0.3629807692307692 0.45542168674698796 0.03365384615384615 0.043373493975903614
0 0.6346153846153846 0.4578313253012048 0.04807692307692308 0.06265060240963856
0 0.671875 0.4469879518072289 0.026442307692307692 0.04096385542168675
0 0.7391826923076923 0.4530120481927711 0.040865384615384616 0.043373493975903614
