0 0.4986979166666667 0.5949074074074074 0.013020833333333334 0.027777777777777776
0 0.6204427083333334 0.5486111111111112 0.01171875 0.023148148148148147
0 0.6373697916666666 0.5555555555555556 0.01171875 0.023148148148148147
0 0.72265625 0.5393518518518519 0.013020833333333334 0.023148148148148147
0 0.7428385416666666 0.5439814814814815 0.01171875 0.023148148148148147
0 0.7799479166666666 0.5520833333333334 0.010416666666666666 0.020833333333333332
1 0.8235677083333334 0.5034722222222222 0.01171875 0.02546296296296296
1 0.8470052083333334 0.5034722222222222 0.01171875 0.02546296296296296
1 0.8756510416666666 0.5069444444444444 0.01171875 0.023148148148148147
0 0.9075520833333334 0.6134259259259259 0.013020833333333334 0.027777777777777776
0 0.8053385416666666 0.5358796296296297 0.01171875 0.020833333333333332
1 0.6041666666666666 0.4664351851851852 0.010416666666666666 0.020833333333333332
