1 0.042067307692307696 0.40843373493975904 0.04567307692307692 0.0746987951807229
1 0.1814903846153846 0.4686746987951807 0.06009615384615385 0.0746987951807229
1 0.859375 0.4602409638554217 0.06009615384615385 0.05301204819277108
1 0.17908653846153846 0.20963855421686747 0.040865384615384616 0.05301204819277108
1 0.21514423076923078 0.3650602409638554 0.04567307692307692 0.060240963855421686
1 0.8329326923076923 0.3180722891566265 0.04567307692307692 0.05301204819277108
1 0.9639423076923077 0.3024096385542169 0.0625 0.05542168674698795
1 0.2283653846153846 0.20481927710843373 0.038461538461538464 0.04819277108433735
1 0.3918269230769231 0.2457831325301205 0.04807692307692308 0.05301204819277108
0 0.6478365384615384 0.38072289156626504 0.04567307692307692 0.05301204819277108
0 0.8377403846153846 0.6108433734939759 0.06009615384615385 0.04578313253012048
0 0.7067307692307693 0.24819277108433735 0.04807692307692308 0.04819277108433735
1 0.17908653846153846 0.12289156626506025 0.040865384615384616 0.05301204819277108
1 0.8317307692307693 0.021686746987951807 0.04807692307692308 0.043373493975903614
1 0.9639423076923077 0.03253012048192771 0.0625 0.05542168674698795
1 0.2283653846153846 0.12771084337349398 0.038461538461538464 0.04819277108433735
1 0.3918269230769231 0.08674698795180723 0.04807692307692308 0.05301204819277108
0 0.7067307692307693 0.08433734939759036 0.04807692307692308 0.04819277108433735
