1 0.9375 0.49666666666666665 0.041666666666666664 0.06
1 0.8691666666666666 0.4922222222222222 0.03166666666666667 0.05555555555555555
1 0.76 0.48444444444444446 0.03333333333333333 0.05333333333333334
1 0.7275 0.49666666666666665 0.028333333333333332 0.042222222222222223
1 0.6766666666666666 0.49333333333333335 0.02666666666666667 0.04
1 0.6541666666666667 0.4822222222222222 0.028333333333333332 0.057777777777777775
1 0.6233333333333333 0.4855555555555556 0.02666666666666667 0.04666666666666667
1 0.5975 0.4955555555555556 0.025 0.04
1 0.6125 0.46111111111111114 0.015 0.028888888888888888
1 0.5783333333333334 0.4777777777777778 0.02 0.035555555555555556
1 0.5616666666666666 0.4766666666666667 0.023333333333333334 0.042222222222222223
1 0.52 0.48777777777777775 0.02666666666666667 0.04666666666666667
1 0.4975 0.4766666666666667 0.025 0.04666666666666667
0 0.545 0.5055555555555555 0.03333333333333333 0.06
1 0.44916666666666666 0.49333333333333335 0.025 0.04888888888888889
1 0.3958333333333333 0.4988888888888889 0.03166666666666667 0.05555555555555555
1 0.3641666666666667 0.4866666666666667 0.021666666666666667 0.035555555555555556
1 0.3858333333333333 0.4622222222222222 0.025 0.035555555555555556
1 0.2758333333333333 0.5066666666666667 0.028333333333333332 0.044444444444444446
1 0.24 0.5011111111111111 0.02666666666666667 0.04666666666666667
1 0.19666666666666666 0.4955555555555556 0.03666666666666667 0.05333333333333334
1 0.10333333333333333 0.5055555555555555 0.03333333333333333 0.04666666666666667
1 0.0675 0.4922222222222222 0.03833333333333333 0.06444444444444444
1 0.30833333333333335 0.49444444444444446 0.05 0.07333333333333333
