0 0.027644230769230768 0.3409638554216867 0.05048076923076923 0.11325301204819277
0 0.171875 0.3927710843373494 0.06490384615384616 0.0819277108433735
0 0.2439903846153846 0.3746987951807229 0.06009615384615385 0.06506024096385542
0 0.3942307692307692 0.3421686746987952 0.0625 0.0819277108433735
0 0.43509615384615385 0.3686746987951807 0.04326923076923077 0.06746987951807229
0 0.5 0.3686746987951807 0.057692307692307696 0.06746987951807229
0 0.5853365384615384 0.38433734939759034 0.04567307692307692 0.05542168674698795
0 0.6862980769230769 0.37349397590361444 0.040865384615384616 0.05301204819277108
0 0.7512019230769231 0.3373493975903614 0.06971153846153846 0.0819277108433735
0 0.9074519230769231 0.39759036144578314 0.04567307692307692 0.05783132530120482
0 0.026442307692307692 0.02530120481927711 0.052884615384615384 0.05060240963855422
0 0.3954326923076923 0.016867469879518072 0.06490384615384616 0.033734939759036145
0 0.75 0.01927710843373494 0.07211538461538461 0.03855421686746988
