1 0.24454545454545454 0.21883289124668434 0.04909090909090909 0.08222811671087533
1 0.45181818181818184 0.35809018567639256 0.05272727272727273 0.09018567639257294
1 0.5654545454545454 0.3037135278514589 0.04363636363636364 0.07692307692307693
0 0.10636363636363637 0.3819628647214854 0.045454545454545456 0.07957559681697612
0 0.22181818181818183 0.28779840848806365 0.04 0.07161803713527852
0 0.22818181818181818 0.41114058355437666 0.045454545454545456 0.08488063660477453
0 0.22454545454545455 0.48010610079575594 0.04909090909090909 0.06896551724137931
0 0.34454545454545454 0.33687002652519893 0.04181818181818182 0.07957559681697612
0 0.3409090909090909 0.27055702917771884 0.04181818181818182 0.0636604774535809
0 0.39636363636363636 0.3328912466843501 0.03636363636363636 0.07161803713527852
0 0.49 0.3183023872679045 0.04181818181818182 0.07957559681697612
0 0.6236363636363637 0.3819628647214854 0.03636363636363636 0.06896551724137931
0 0.7263636363636363 0.33687002652519893 0.038181818181818185 0.07427055702917772
0 0.7727272727272727 0.3302387267904509 0.04 0.06631299734748011
0 0.9509090909090909 0.33156498673740054 0.03636363636363636 0.06896551724137931
0 0.26636363636363636 0.27851458885941643 0.04181818181818182 0.06896551724137931
