1 0.203125 0.45552884615384615 0.055288461538461536 0.07932692307692307
1 0.421875 0.4495192307692308 0.06009615384615385 0.08173076923076923
1 0.5889423076923077 0.4266826923076923 0.0673076923076923 0.08413461538461539
1 0.3329326923076923 0.4639423076923077 0.05048076923076923 0.08173076923076923
1 0.49759615384615385 0.44711538461538464 0.052884615384615384 0.07692307692307693
1 0.8221153846153846 0.4362980769230769 0.04807692307692308 0.07451923076923077
0 0.7331730769230769 0.4206730769230769 0.052884615384615384 0.08173076923076923
1 0.9170673076923077 0.4639423076923077 0.05048076923076923 0.0625
1 0.8834134615384616 0.4579326923076923 0.036057692307692304 0.06009615384615385
0 0.9639423076923077 0.4483173076923077 0.038461538461538464 0.06009615384615385
