1 0.7629166666666667 0.5469924812030075 0.05583333333333333 0.11654135338345864
1 0.8975 0.34210526315789475 0.056666666666666664 0.10526315789473684
1 0.8116666666666666 0.3007518796992481 0.051666666666666666 0.10275689223057644
1 0.7458333333333333 0.29448621553884713 0.043333333333333335 0.09022556390977443
1 0.7129166666666666 0.287593984962406 0.030833333333333334 0.07644110275689223
1 0.5041666666666667 0.2669172932330827 0.03333333333333333 0.07769423558897243
1 0.47333333333333333 0.23684210526315788 0.035 0.09523809523809523
1 0.59125 0.5588972431077694 0.035833333333333335 0.11779448621553884
1 0.49666666666666665 0.6040100250626567 0.07 0.17543859649122806
1 0.3929166666666667 0.25375939849624063 0.0575 0.12907268170426064
1 0.44625 0.2556390977443609 0.04416666666666667 0.12030075187969924
1 0.5395833333333333 0.2575187969924812 0.04416666666666667 0.07393483709273183
1 0.55375 0.32644110275689225 0.0475 0.09398496240601503
1 0.6579166666666667 0.31390977443609025 0.04416666666666667 0.09147869674185463
1 0.675 0.28634085213032584 0.035 0.08395989974937343
1 0.6495833333333333 0.5426065162907269 0.0475 0.10025062656641603
1 0.5579166666666666 0.5739348370927319 0.0575 0.13784461152882205
