1 0.7596153846153846 0.5373493975903615 0.038461538461538464 0.043373493975903614
1 0.9483173076923077 0.519277108433735 0.040865384615384616 0.04096385542168675
1 0.9879807692307693 0.5 0.019230769230769232 0.05060240963855422
1 0.6310096153846154 0.5602409638554217 0.04567307692307692 0.04096385542168675
1 0.5685096153846154 0.5469879518072289 0.040865384615384616 0.033734939759036145
1 0.35336538461538464 0.5445783132530121 0.028846153846153848 0.02891566265060241
1 0.4495192307692308 0.5253012048192771 0.03365384615384615 0.033734939759036145
1 0.41225961538461536 0.536144578313253 0.026442307692307692 0.03132530120481928
1 0.3329326923076923 0.5325301204819277 0.021634615384615384 0.024096385542168676
1 0.28365384615384615 0.5373493975903615 0.02403846153846154 0.02891566265060241
