1 0.5516826923076923 0.41947115384615385 0.055288461538461536 0.06490384615384616
1 0.7463942307692307 0.41466346153846156 0.06490384615384616 0.07451923076923077
1 0.9783653846153846 0.4326923076923077 0.038461538461538464 0.07211538461538461
0 0.21995192307692307 0.4098557692307692 0.06009615384615385 0.06971153846153846
0 0.04447115384615385 0.41947115384615385 0.06009615384615385 0.06971153846153846
0 0.6334134615384616 0.41586538461538464 0.055288461538461536 0.0625
0 0.31971153846153844 0.4567307692307692 0.057692307692307696 0.0625
0 0.6995192307692307 0.4206730769230769 0.04326923076923077 0.0625
0 0.4855769230769231 0.421875 0.052884615384615384 0.06009615384615385
1 0.39302884615384615 0.4495192307692308 0.055288461538461536 0.07211538461538461
1 0.5504807692307693 0.026442307692307692 0.057692307692307696 0.052884615384615384
1 0.7451923076923077 0.03125 0.0673076923076923 0.0625
1 0.9795673076923077 0.021634615384615384 0.040865384615384616 0.04326923076923077
0 0.21875 0.03245192307692308 0.0625 0.06490384615384616
0 0.04326923076923077 0.027644230769230768 0.0625 0.055288461538461536
0 0.6322115384615384 0.027644230769230768 0.057692307692307696 0.055288461538461536
0 0.32091346153846156 0.007211538461538462 0.06009615384615385 0.014423076923076924
0 0.7007211538461539 0.025240384615384616 0.04567307692307692 0.05048076923076923
0 0.48677884615384615 0.02403846153846154 0.055288461538461536 0.04807692307692308
1 0.3918269230769231 0.013221153846153846 0.057692307692307696 0.026442307692307692
