1 0.2283653846153846 0.25903614457831325 0.08173076923076923 0.10361445783132531
1 0.4362980769230769 0.5024096385542168 0.055288461538461536 0.06987951807228916
1 0.5384615384615384 0.3192771084337349 0.057692307692307696 0.0746987951807229
1 0.3076923076923077 0.3168674698795181 0.057692307692307696 0.06987951807228916
1 0.4074519230769231 0.2674698795180723 0.04567307692307692 0.07228915662650602
1 0.7439903846153846 0.41445783132530123 0.026442307692307692 0.043373493975903614
1 0.8088942307692307 0.41807228915662653 0.026442307692307692 0.03614457831325301
1 0.2283653846153846 0.07590361445783132 0.08173076923076923 0.10361445783132531
1 0.5396634615384616 0.02650602409638554 0.06009615384615385 0.05301204819277108
1 0.3088942307692308 0.02650602409638554 0.06009615384615385 0.05301204819277108
1 0.4074519230769231 0.06506024096385542 0.04567307692307692 0.07228915662650602
