1 0.1775 0.16 0.055 0.1
1 0.25916666666666666 0.2275 0.045 0.095
1 0.30666666666666664 0.23625 0.04666666666666667 0.0925
1 0.39 0.245 0.03333333333333333 0.06
1 0.49916666666666665 0.23125 0.045 0.0925
1 0.5233333333333333 0.2475 0.03 0.085
1 0.5625 0.24875 0.028333333333333332 0.0775
1 0.5941666666666666 0.24125 0.041666666666666664 0.0925
1 0.6233333333333333 0.2875 0.06333333333333334 0.1
1 0.6591666666666667 0.24125 0.028333333333333332 0.0725
1 0.695 0.23375 0.043333333333333335 0.1025
1 0.735 0.2925 0.07666666666666666 0.14
1 0.7933333333333333 0.26 0.056666666666666664 0.125
1 0.82 0.2825 0.02666666666666667 0.08
