1 0.5516826923076923 0.3373493975903614 0.06490384615384616 0.06746987951807229
1 0.7355769230769231 0.3228915662650602 0.057692307692307696 0.0819277108433735
1 0.38461538461538464 0.28072289156626506 0.057692307692307696 0.060240963855421686
1 0.7908653846153846 0.3481927710843373 0.057692307692307696 0.060240963855421686
1 0.7956730769230769 0.42530120481927713 0.057692307692307696 0.05060240963855422
1 0.203125 0.45180722891566266 0.06490384615384616 0.05060240963855422
1 0.5504807692307693 0.01566265060240964 0.0673076923076923 0.03132530120481928
1 0.7367788461538461 0.02650602409638554 0.06009615384615385 0.05301204819277108
1 0.38461538461538464 0.05421686746987952 0.057692307692307696 0.060240963855421686
1 0.7920673076923077 0.008433734939759036 0.06009615384615385 0.016867469879518072
