0 0.23197115384615385 0.30120481927710846 0.06009615384615385 0.07710843373493977
0 0.30528846153846156 0.30843373493975906 0.052884615384615384 0.07228915662650602
0 0.14182692307692307 0.2987951807228916 0.057692307692307696 0.1108433734939759
0 0.5961538461538461 0.3144578313253012 0.052884615384615384 0.060240963855421686
0 0.08774038461538461 0.29397590361445786 0.05048076923076923 0.10602409638554217
0 0.3798076923076923 0.3240963855421687 0.02403846153846154 0.04578313253012048
0 0.040865384615384616 0.27951807228915665 0.07692307692307693 0.22650602409638554
0 0.35096153846153844 0.3325301204819277 0.028846153846153848 0.04819277108433735
0 0.4855769230769231 0.327710843373494 0.04326923076923077 0.06265060240963856
0 0.453125 0.3180722891566265 0.03125 0.05783132530120482
0 0.5372596153846154 0.3144578313253012 0.026442307692307692 0.04578313253012048
0 0.7007211538461539 0.3373493975903614 0.026442307692307692 0.03855421686746988
0 0.6754807692307693 0.3289156626506024 0.02403846153846154 0.04578313253012048
0 0.23076923076923078 0.03614457831325301 0.0625 0.07228915662650602
0 0.30649038461538464 0.03132530120481928 0.055288461538461536 0.06265060240963856
0 0.14302884615384615 0.04578313253012048 0.06009615384615385 0.09156626506024096
0 0.5973557692307693 0.02530120481927711 0.055288461538461536 0.05060240963855422
0 0.08653846153846154 0.046987951807228916 0.052884615384615384 0.09397590361445783
0 0.38100961538461536 0.016867469879518072 0.026442307692307692 0.033734939759036145
0 0.042067307692307696 0.08433734939759036 0.07932692307692307 0.1686746987951807
0 0.35216346153846156 0.01325301204819277 0.03125 0.02650602409638554
0 0.48677884615384615 0.01927710843373494 0.04567307692307692 0.03855421686746988
0 0.4519230769230769 0.02289156626506024 0.03365384615384615 0.04578313253012048
0 0.5360576923076923 0.021686746987951807 0.028846153846153848 0.043373493975903614
0 0.6995192307692307 0.008433734939759036 0.028846153846153848 0.016867469879518072
0 0.6766826923076923 0.014457831325301205 0.026442307692307692 0.02891566265060241
