1 0.14668769716088328 0.4488888888888889 0.1167192429022082 0.09777777777777778
1 0.14511041009463724 0.29888888888888887 0.0694006309148265 0.06888888888888889
1 0.23659305993690852 0.2966666666666667 0.06309148264984227 0.051111111111111114
1 0.29337539432176657 0.2722222222222222 0.056782334384858045 0.04666666666666667
1 0.5504731861198738 0.6177777777777778 0.05362776025236593 0.044444444444444446
1 0.8280757097791798 0.3888888888888889 0.07255520504731862 0.05333333333333334
1 0.7618296529968455 0.2222222222222222 0.0473186119873817 0.04
1 0.6214511041009464 0.5955555555555555 0.08832807570977919 0.07555555555555556
1 0.6545741324921136 0.5177777777777778 0.06624605678233439 0.057777777777777775
1 0.667192429022082 0.45555555555555555 0.05362776025236593 0.04888888888888889
1 0.6876971608832808 0.4255555555555556 0.050473186119873815 0.042222222222222223
1 0.8643533123028391 0.3433333333333333 0.04416403785488959 0.03333333333333333
1 0.7839116719242902 0.38666666666666666 0.0473186119873817 0.044444444444444446
1 0.3990536277602524 0.25222222222222224 0.0473186119873817 0.03777777777777778
