1 0.26 0.27581863979848864 0.06 0.12342569269521411
1 0.21666666666666667 0.3136020151133501 0.03333333333333333 0.06801007556675064
1 0.3433333333333333 0.3236775818639798 0.05 0.10327455919395466
1 0.44666666666666666 0.3211586901763224 0.04 0.09319899244332494
1 0.4825 0.29345088161209065 0.04833333333333333 0.10831234256926953
1 0.6416666666666667 0.353904282115869 0.05 0.08816120906801007
1 0.6741666666666667 0.35768261964735515 0.028333333333333332 0.07556675062972293
1 0.715 0.35516372795969775 0.05 0.10579345088161209
1 0.7566666666666667 0.36272040302267 0.03 0.08564231738035265
1 0.8066666666666666 0.33879093198992444 0.07 0.12846347607052896
1 0.9925 0.34634760705289674 0.015 0.07304785894206549
