0 0.01318359375 0.6204427083333334 0.0224609375 0.055989583333333336
0 0.04296875 0.6126302083333334 0.041015625 0.05078125
0 0.0478515625 0.6614583333333334 0.056640625 0.0703125
0 0.095703125 0.6393229166666666 0.05078125 0.0625
0 0.140625 0.607421875 0.046875 0.061197916666666664
0 0.18994140625 0.576171875 0.0419921875 0.055989583333333336
0 0.212890625 0.6399739583333334 0.044921875 0.06640625
0 0.23974609375 0.6217447916666666 0.0361328125 0.06380208333333333
0 0.2724609375 0.5930989583333334 0.037109375 0.048177083333333336
0 0.3046875 0.5859375 0.037109375 0.0546875
0 0.31884765625 0.5696614583333334 0.0283203125 0.045572916666666664
0 0.3544921875 0.5631510416666666 0.037109375 0.05078125
0 0.3564453125 0.6119791666666666 0.03515625 0.046875
0 0.404296875 0.595703125 0.037109375 0.053385416666666664
0 0.45654296875 0.5944010416666666 0.0322265625 0.04296875
0 0.45654296875 0.5592447916666666 0.0283203125 0.03515625
0 0.48388671875 0.5559895833333334 0.0283203125 0.041666666666666664
0 0.49951171875 0.59375 0.0283203125 0.041666666666666664
0 0.51953125 0.5540364583333334 0.029296875 0.037760416666666664
0 0.5556640625 0.5657552083333334 0.04296875 0.061197916666666664
0 0.5595703125 0.5338541666666666 0.0234375 0.03125
0 0.59912109375 0.56640625 0.0361328125 0.044270833333333336
0 0.65625 0.5481770833333334 0.025390625 0.041666666666666664
0 0.6552734375 0.5188802083333334 0.0234375 0.024739583333333332
0 0.6982421875 0.533203125 0.0234375 0.032552083333333336
0 0.7646484375 0.5169270833333334 0.046875 0.06770833333333333
0 0.794921875 0.509765625 0.01953125 0.029947916666666668
0 0.90087890625 0.5227864583333334 0.0205078125 0.03515625
0 0.990234375 0.515625 0.01953125 0.026041666666666668
