1 0.9174228675136116 0.3 0.06352087114337568 0.11428571428571428
0 0.9392014519056261 0.23857142857142857 0.05263157894736842 0.08857142857142856
1 0.8021778584392014 0.2642857142857143 0.0544464609800363 0.11714285714285715
1 0.721415607985481 0.2642857142857143 0.041742286751361164 0.09428571428571429
1 0.6932849364791288 0.28 0.047186932849364795 0.10285714285714286
1 0.6533575317604355 0.2642857142857143 0.039927404718693285 0.08857142857142856
1 0.603448275862069 0.27 0.04900181488203267 0.1
0 0.5671506352087115 0.2814285714285714 0.030852994555353903 0.08285714285714285
1 0.5326678765880217 0.2742857142857143 0.05263157894736842 0.10857142857142857
1 0.5072595281306715 0.25285714285714284 0.038112522686025406 0.08285714285714285
0 0.4537205081669691 0.28285714285714286 0.039927404718693285 0.08571428571428572
1 0.4092558983666062 0.27285714285714285 0.041742286751361164 0.10571428571428572
1 0.3892921960072595 0.2814285714285714 0.04900181488203267 0.1
1 0.3103448275862069 0.2714285714285714 0.043557168784029036 0.08571428571428572
0 0.2695099818511797 0.2542857142857143 0.04900181488203267 0.09142857142857143
1 0.22413793103448276 0.30428571428571427 0.05263157894736842 0.11714285714285715
0 0.16061705989110708 0.28 0.04900181488203267 0.10285714285714286
0 0.11161524500907441 0.3057142857142857 0.06352087114337568 0.11428571428571428
0 0.03176043557168784 0.3028571428571429 0.038112522686025406 0.11428571428571428
0 0.011796733212341199 0.30142857142857143 0.019963702359346643 0.12857142857142856
