0 0.11778846153846154 0.36987951807228914 0.10576923076923077 0.10361445783132531
0 0.8689903846153846 0.3746987951807229 0.06009615384615385 0.06987951807228916
0 0.4675480769230769 0.39156626506024095 0.055288461538461536 0.08433734939759036
0 0.4182692307692308 0.3963855421686747 0.0625 0.09397590361445783
0 0.6995192307692307 0.3674698795180723 0.052884615384615384 0.0746987951807229
0 0.5769230769230769 0.43012048192771085 0.057692307692307696 0.06987951807228916
0 0.3629807692307692 0.3963855421686747 0.04807692307692308 0.060240963855421686
0 0.21875 0.38795180722891565 0.057692307692307696 0.06265060240963856
0 0.2548076923076923 0.3819277108433735 0.038461538461538464 0.06506024096385542
0 0.7668269230769231 0.39518072289156625 0.03365384615384615 0.033734939759036145
