0 0.8353365384615384 0.43132530120481927 0.08413461538461539 0.0819277108433735
0 0.7391826923076923 0.372289156626506 0.055288461538461536 0.0746987951807229
0 0.19230769230769232 0.36987951807228914 0.1201923076923077 0.12289156626506025
0 0.46875 0.39397590361445783 0.057692307692307696 0.06506024096385542
0 0.3125 0.3963855421686747 0.052884615384615384 0.06506024096385542
0 0.7908653846153846 0.3963855421686747 0.052884615384615384 0.06506024096385542
0 0.1346153846153846 0.3409638554216867 0.052884615384615384 0.09397590361445783
0 0.3858173076923077 0.42048192771084336 0.03125 0.04578313253012048
0 0.5372596153846154 0.4072289156626506 0.040865384615384616 0.05783132530120482
0 0.6105769230769231 0.42168674698795183 0.07211538461538461 0.0819277108433735
0 0.5817307692307693 0.3819277108433735 0.057692307692307696 0.06987951807228916
0 0.6586538461538461 0.41927710843373495 0.03365384615384615 0.043373493975903614
0 0.1935096153846154 0.01325301204819277 0.12259615384615384 0.02650602409638554
0 0.13581730769230768 0.020481927710843374 0.055288461538461536 0.04096385542168675
