0 0.16 0.3885542168674699 0.036 0.06626506024096386
0 0.288 0.37650602409638556 0.036 0.07228915662650602
0 0.354 0.3825301204819277 0.036 0.060240963855421686
0 0.421 0.3644578313253012 0.038 0.0783132530120482
0 0.472 0.3885542168674699 0.032 0.06626506024096386
0 0.534 0.3689759036144578 0.04 0.06927710843373494
0 0.606 0.40210843373493976 0.036 0.06325301204819277
0 0.664 0.40512048192771083 0.032 0.0572289156626506
0 0.719 0.4066265060240964 0.022 0.04819277108433735
0 0.743 0.40813253012048195 0.022 0.0391566265060241
1 0.767 0.4126506024096386 0.014 0.030120481927710843
1 0.782 0.4186746987951807 0.016 0.030120481927710843
0 0.807 0.4126506024096386 0.022 0.04216867469879518
0 0.843 0.4246987951807229 0.05 0.0963855421686747
0 0.885 0.411144578313253 0.026 0.05120481927710843
0 0.912 0.42771084337349397 0.02 0.03614457831325301
0 0.925 0.3990963855421687 0.022 0.0391566265060241
0 0.948 0.4307228915662651 0.028 0.04216867469879518
0 0.988 0.4171686746987952 0.02 0.03313253012048193
