1 0.9026442307692307 0.2433734939759036 0.09375 0.1108433734939759
1 0.8245192307692307 0.572289156626506 0.12980769230769232 0.14216867469879518
1 0.5432692307692307 0.2421686746987952 0.057692307692307696 0.06987951807228916
1 0.35336538461538464 0.26024096385542167 0.0673076923076923 0.07228915662650602
1 0.15985576923076922 0.37710843373493974 0.06490384615384616 0.060240963855421686
1 0.7860576923076923 0.2819277108433735 0.04807692307692308 0.05783132530120482
1 0.8858173076923077 0.40843373493975904 0.06009615384615385 0.0891566265060241
1 0.6778846153846154 0.42409638554216866 0.057692307692307696 0.05783132530120482
1 0.6935096153846154 0.25903614457831325 0.04567307692307692 0.05542168674698795
1 0.3798076923076923 0.3036144578313253 0.038461538461538464 0.05301204819277108
1 0.35697115384615385 0.38313253012048193 0.09375 0.0963855421686747
1 0.9026442307692307 0.0746987951807229 0.09375 0.1108433734939759
1 0.5432692307692307 0.0783132530120482 0.057692307692307696 0.06987951807228916
1 0.35336538461538464 0.05783132530120482 0.0673076923076923 0.07228915662650602
1 0.7860576923076923 0.03614457831325301 0.04807692307692308 0.05783132530120482
1 0.6935096153846154 0.06144578313253012 0.04567307692307692 0.05542168674698795
1 0.38100961538461536 0.021686746987951807 0.040865384615384616 0.043373493975903614
