1 0.06971153846153846 0.4362980769230769 0.04807692307692308 0.055288461538461536
1 0.1971153846153846 0.43028846153846156 0.04326923076923077 0.057692307692307696
1 0.34375 0.4375 0.04807692307692308 0.057692307692307696
1 0.2980769230769231 0.4723557692307692 0.03365384615384615 0.04567307692307692
1 0.4026442307692308 0.47716346153846156 0.03125 0.05048076923076923
1 0.45552884615384615 0.4483173076923077 0.05048076923076923 0.05048076923076923
1 0.49158653846153844 0.4567307692307692 0.03125 0.04807692307692308
1 0.5372596153846154 0.48197115384615385 0.03125 0.04567307692307692
1 0.5745192307692307 0.4723557692307692 0.04326923076923077 0.05048076923076923
1 0.6310096153846154 0.453125 0.026442307692307692 0.04567307692307692
1 0.6538461538461539 0.4675480769230769 0.038461538461538464 0.055288461538461536
1 0.703125 0.4519230769230769 0.040865384615384616 0.057692307692307696
1 0.7956730769230769 0.4723557692307692 0.038461538461538464 0.04567307692307692
1 0.9338942307692307 0.4699519230769231 0.05048076923076923 0.06009615384615385
1 0.06971153846153846 0.08533653846153846 0.04807692307692308 0.055288461538461536
1 0.1971153846153846 0.0889423076923077 0.04326923076923077 0.057692307692307696
1 0.34375 0.08173076923076923 0.04807692307692308 0.057692307692307696
1 0.2980769230769231 0.04927884615384615 0.03365384615384615 0.04567307692307692
1 0.29927884615384615 0.9879807692307693 0.036057692307692304 0.019230769230769232
1 0.4026442307692308 0.04447115384615385 0.03125 0.05048076923076923
1 0.4014423076923077 0.984375 0.03365384615384615 0.026442307692307692
1 0.45552884615384615 0.0733173076923077 0.05048076923076923 0.05048076923076923
1 0.49158653846153844 0.0625 0.03125 0.04807692307692308
1 0.5372596153846154 0.039663461538461536 0.03125 0.04567307692307692
1 0.5360576923076923 0.9831730769230769 0.03365384615384615 0.028846153846153848
1 0.5745192307692307 0.04927884615384615 0.04326923076923077 0.05048076923076923
1 0.5757211538461539 0.9867788461538461 0.04567307692307692 0.021634615384615384
1 0.6310096153846154 0.06850961538461539 0.026442307692307692 0.04567307692307692
1 0.6538461538461539 0.054086538461538464 0.038461538461538464 0.055288461538461536
1 0.6550480769230769 0.9879807692307693 0.040865384615384616 0.019230769230769232
1 0.703125 0.0673076923076923 0.040865384615384616 0.057692307692307696
1 0.7956730769230769 0.04927884615384615 0.038461538461538464 0.04567307692307692
1 0.796875 0.9879807692307693 0.040865384615384616 0.019230769230769232
1 0.9338942307692307 0.051682692307692304 0.05048076923076923 0.06009615384615385
1 0.9326923076923077 0.9855769230769231 0.052884615384615384 0.02403846153846154
