0 0.91 0.3072100313479624 0.06941176470588235 0.10344827586206896
1 0.9552941176470588 0.35266457680250785 0.03058823529411765 0.04075235109717868
1 0.7976470588235294 0.3612852664576803 0.06823529411764706 0.1206896551724138
1 0.8817647058823529 0.40282131661442006 0.027058823529411764 0.034482758620689655
0 0.7588235294117647 0.3573667711598746 0.03529411764705882 0.0877742946708464
0 0.6770588235294117 0.30407523510971785 0.07176470588235294 0.109717868338558
0 0.5305882352941177 0.3652037617554859 0.08 0.12225705329153605
0 0.4541176470588235 0.3456112852664577 0.04941176470588235 0.08934169278996865
0 0.31823529411764706 0.304858934169279 0.041176470588235294 0.06739811912225706
1 0.2858823529411765 0.31896551724137934 0.03529411764705882 0.07993730407523511
0 0.25176470588235295 0.322884012539185 0.058823529411764705 0.12225705329153605
1 0.19411764705882353 0.2938871473354232 0.06352941176470588 0.11442006269592477
0 0.05 0.29858934169278994 0.07882352941176471 0.10188087774294671
