1 0.2800480769230769 0.2891566265060241 0.06009615384615385 0.07710843373493977
1 0.7596153846153846 0.3481927710843373 0.11538461538461539 0.13253012048192772
1 0.44711538461538464 0.363855421686747 0.11057692307692307 0.1493975903614458
1 0.10576923076923077 0.3542168674698795 0.10576923076923077 0.12530120481927712
1 0.21514423076923078 0.3855421686746988 0.11298076923076923 0.13012048192771083
1 0.5216346153846154 0.21445783132530122 0.0625 0.04819277108433735
0 0.5588942307692307 0.35903614457831323 0.07932692307692307 0.09156626506024096
1 0.2800480769230769 0.09156626506024096 0.06009615384615385 0.07710843373493977
1 0.7608173076923077 0.05060240963855422 0.11778846153846154 0.10120481927710843
1 0.4483173076923077 0.046987951807228916 0.11298076923076923 0.09397590361445783
1 0.10697115384615384 0.04578313253012048 0.10817307692307693 0.09156626506024096
1 0.21394230769230768 0.03132530120481928 0.11538461538461539 0.06265060240963856
1 0.5216346153846154 0.16626506024096385 0.0625 0.04819277108433735
0 0.5576923076923077 0.03493975903614458 0.08173076923076923 0.06987951807228916
