1 0.4368546465448769 0.4029761904761905 0.023828435266084195 0.04404761904761905
1 0.4634630659253376 0.4160714285714286 0.021445591739475776 0.039285714285714285
0 0.5579825258141382 0.42857142857142855 0.021445591739475776 0.030952380952380953
0 0.5790309769658459 0.42857142857142855 0.019062748212867357 0.03333333333333333
0 0.5961080222398729 0.4297619047619048 0.016679904686258934 0.03333333333333333
0 0.6247021445591739 0.44285714285714284 0.019857029388403495 0.02857142857142857
0 0.6425734710087371 0.4488095238095238 0.017474185861795076 0.02857142857142857
0 0.6350277998411438 0.48273809523809524 0.024622716441620333 0.041666666666666664
0 0.6735504368546466 0.43154761904761907 0.022239872915011914 0.036904761904761905
0 0.6890389197776012 0.46904761904761905 0.021445591739475776 0.0380952380952381
0 0.7073073868149324 0.4446428571428571 0.019857029388403495 0.036904761904761905
0 0.7347100873709294 0.44761904761904764 0.023828435266084195 0.04047619047619048
0 0.7684670373312152 0.4517857142857143 0.019857029388403495 0.03214285714285714
1 0.6509134233518665 0.44583333333333336 0.015091342335186657 0.03214285714285714
0 0.9193804606830818 0.4732142857142857 0.013502779984114376 0.02261904761904762
0 0.9408260524225576 0.47559523809523807 0.015091342335186657 0.025
