1 0.20953757225433525 0.6555555555555556 0.04046242774566474 0.09444444444444444
1 0.20592485549132947 0.4986111111111111 0.033236994219653176 0.075
1 0.13005780346820808 0.2777777777777778 0.014450867052023121 0.03333333333333333
1 0.14378612716763006 0.22777777777777777 0.01300578034682081 0.03333333333333333
1 0.17196531791907516 0.20972222222222223 0.014450867052023121 0.030555555555555555
1 0.17630057803468208 0.2777777777777778 0.017341040462427744 0.03333333333333333
1 0.2153179190751445 0.275 0.017341040462427744 0.03333333333333333
1 0.21820809248554912 0.3416666666666667 0.017341040462427744 0.044444444444444446
1 0.16979768786127167 0.33611111111111114 0.01878612716763006 0.03888888888888889
1 0.17630057803468208 0.36944444444444446 0.02023121387283237 0.044444444444444446
1 0.18858381502890173 0.4152777777777778 0.02167630057803468 0.05277777777777778
1 0.28684971098265893 0.5555555555555556 0.036127167630057806 0.07777777777777778
