0 0.21514423076923078 0.4387019230769231 0.055288461538461536 0.06009615384615385
0 0.40625 0.453125 0.03365384615384615 0.036057692307692304
0 0.4831730769230769 0.44711538461538464 0.03365384615384615 0.038461538461538464
0 0.5588942307692307 0.44711538461538464 0.036057692307692304 0.04326923076923077
0 0.6658653846153846 0.4423076923076923 0.03365384615384615 0.038461538461538464
0 0.7091346153846154 0.44711538461538464 0.03365384615384615 0.038461538461538464
0 0.7427884615384616 0.4519230769230769 0.03365384615384615 0.03365384615384615
0 0.8112980769230769 0.4423076923076923 0.036057692307692304 0.04807692307692308
0 0.8629807692307693 0.4182692307692308 0.03365384615384615 0.03365384615384615
0 0.8689903846153846 0.44591346153846156 0.04567307692307692 0.04567307692307692
0 0.9170673076923077 0.4182692307692308 0.03125 0.04326923076923077
0 0.9411057692307693 0.4326923076923077 0.026442307692307692 0.03365384615384615
0 0.9891826923076923 0.4362980769230769 0.016826923076923076 0.055288461538461536
