0 0.8486842105263158 0.5983606557377049 0.05263157894736842 0.09508196721311475
0 0.7423245614035088 0.5672131147540984 0.05921052631578947 0.08524590163934426
0 0.7324561403508771 0.6786885245901639 0.05701754385964912 0.09180327868852459
0 0.618421052631579 0.6180327868852459 0.039473684210526314 0.07540983606557378
0 0.5964912280701754 0.580327868852459 0.03508771929824561 0.06557377049180328
0 0.5548245614035088 0.6065573770491803 0.043859649122807015 0.08524590163934426
0 0.5932017543859649 0.6688524590163935 0.05043859649122807 0.09180327868852459
0 0.506578947368421 0.659016393442623 0.05263157894736842 0.09180327868852459
0 0.5010964912280702 0.5704918032786885 0.046052631578947366 0.07868852459016394
0 0.43640350877192985 0.5934426229508196 0.05263157894736842 0.09180327868852459
0 0.3815789473684211 0.5737704918032787 0.043859649122807015 0.07868852459016394
0 0.34539473684210525 0.559016393442623 0.041666666666666664 0.07540983606557378
0 0.3355263157894737 0.6360655737704918 0.04824561403508772 0.09180327868852459
0 0.29385964912280704 0.5491803278688525 0.03508771929824561 0.07540983606557378
0 0.24342105263157895 0.5508196721311476 0.04824561403508772 0.08524590163934426
0 0.2543859649122807 0.6442622950819672 0.04824561403508772 0.08196721311475409
0 0.16228070175438597 0.5721311475409836 0.05263157894736842 0.08852459016393442
