0 0.08 0.25 0.065 0.09
0 0.95375 0.39166666666666666 0.0775 0.13333333333333333
0 0.91125 0.37083333333333335 0.03 0.075
0 0.795 0.3575 0.0625 0.10833333333333334
0 0.74 0.32166666666666666 0.0425 0.07
0 0.699375 0.36916666666666664 0.05625 0.08833333333333333
0 0.60375 0.3625 0.0525 0.075
0 0.664375 0.2791666666666667 0.05125 0.06833333333333333
0 0.618125 0.29333333333333333 0.04125 0.06333333333333334
0 0.55375 0.28583333333333333 0.035 0.055
0 0.538125 0.335 0.03875 0.06333333333333334
0 0.52125 0.2758333333333333 0.0275 0.051666666666666666
0 0.49375 0.30333333333333334 0.0325 0.056666666666666664
0 0.47875 0.2658333333333333 0.0275 0.04833333333333333
0 0.453125 0.29 0.03125 0.056666666666666664
0 0.41625 0.2891666666666667 0.0325 0.055
0 0.385625 0.2758333333333333 0.02875 0.051666666666666666
0 0.365 0.27 0.025 0.05
0 0.330625 0.2625 0.02875 0.04833333333333333
