1 0.9366666666666666 0.5288220551378446 0.12666666666666668 0.2756892230576441
1 0.9175 0.33709273182957394 0.165 0.21303258145363407
1 0.535 0.14661654135338345 0.1 0.20300751879699247
1 0.1525 0.8258145363408521 0.215 0.2882205513784461
1 0.3983333333333333 0.13283208020050125 0.1 0.18045112781954886
1 0.6683333333333333 0.18671679197994986 0.1 0.22305764411027568
1 0.7775 0.18170426065162906 0.12166666666666667 0.22807017543859648
1 0.20666666666666667 0.14035087719298245 0.11333333333333333 0.22556390977443608
1 0.06 0.2644110275689223 0.11666666666666667 0.24310776942355888
1 0.06 0.48872180451127817 0.11666666666666667 0.2656641604010025
1 0.71 0.818295739348371 0.19 0.3132832080200501
1 0.3883333333333333 0.8533834586466166 0.2 0.2932330827067669
