1 0.1346153846153846 0.4397590361445783 0.0673076923076923 0.07951807228915662
0 0.46634615384615385 0.43012048192771085 0.07211538461538461 0.07951807228915662
0 0.2668269230769231 0.42289156626506025 0.057692307692307696 0.06506024096385542
0 0.5276442307692307 0.42530120481927713 0.055288461538461536 0.060240963855421686
0 0.037259615384615384 0.4506024096385542 0.04567307692307692 0.05783132530120482
0 0.5913461538461539 0.4397590361445783 0.038461538461538464 0.05060240963855422
1 0.6418269230769231 0.43493975903614457 0.038461538461538464 0.060240963855421686
0 0.7716346153846154 0.44096385542168676 0.03365384615384615 0.04819277108433735
0 0.8064903846153846 0.4469879518072289 0.036057692307692304 0.04096385542168675
0 0.8257211538461539 0.41927710843373495 0.026442307692307692 0.033734939759036145
