1 0.7932692307692307 0.5506024096385542 0.052884615384615384 0.060240963855421686
1 0.5204326923076923 0.672289156626506 0.04567307692307692 0.05783132530120482
1 0.5961538461538461 0.6939759036144578 0.052884615384615384 0.05301204819277108
1 0.7295673076923077 0.6566265060240963 0.04567307692307692 0.05542168674698795
1 0.9038461538461539 0.5457831325301205 0.04807692307692308 0.05060240963855422
1 0.036057692307692304 0.672289156626506 0.038461538461538464 0.04819277108433735
1 0.4026442307692308 0.689156626506024 0.03125 0.02891566265060241
1 0.5192307692307693 0.9819277108433735 0.04807692307692308 0.03132530120481928
1 0.5973557692307693 0.9722891566265061 0.055288461538461536 0.05060240963855422
1 0.7283653846153846 0.9903614457831326 0.04807692307692308 0.014457831325301205
1 0.037259615384615384 0.9843373493975903 0.040865384615384616 0.02650602409638554
1 0.4026442307692308 0.9783132530120482 0.03125 0.02891566265060241
