1 0.7223557692307693 0.4734939759036145 0.07451923076923077 0.06987951807228916
1 0.3293269230769231 0.3036144578313253 0.057692307692307696 0.05301204819277108
1 0.4266826923076923 0.2891566265060241 0.05048076923076923 0.06265060240963856
1 0.3317307692307692 0.1674698795180723 0.04326923076923077 0.05542168674698795
1 0.6274038461538461 0.16626506024096385 0.04807692307692308 0.05783132530120482
1 0.8076923076923077 0.4867469879518072 0.057692307692307696 0.06746987951807229
0 0.1622596153846154 0.2819277108433735 0.040865384615384616 0.043373493975903614
0 0.04326923076923077 0.1819277108433735 0.02403846153846154 0.04578313253012048
0 0.8449519230769231 0.3 0.040865384615384616 0.04578313253012048
0 0.796875 0.2493975903614458 0.040865384615384616 0.04578313253012048
0 0.734375 0.22771084337349398 0.04567307692307692 0.05060240963855422
0 0.609375 0.44819277108433736 0.055288461538461536 0.04819277108433735
0 0.49759615384615385 0.36987951807228914 0.057692307692307696 0.04578313253012048
0 0.5865384615384616 0.3759036144578313 0.057692307692307696 0.04819277108433735
0 0.2956730769230769 0.19879518072289157 0.04326923076923077 0.04096385542168675
0 0.4182692307692308 0.1819277108433735 0.03365384615384615 0.04578313253012048
0 0.4483173076923077 0.1746987951807229 0.036057692307692304 0.04578313253012048
0 0.4807692307692308 0.18433734939759036 0.03365384615384615 0.04578313253012048
0 0.5168269230769231 0.1783132530120482 0.03365384615384615 0.043373493975903614
0 0.5588942307692307 0.1602409638554217 0.05048076923076923 0.05542168674698795
1 0.3329326923076923 0.01566265060240964 0.04567307692307692 0.03132530120481928
1 0.6286057692307693 0.016867469879518072 0.05048076923076923 0.033734939759036145
0 0.04447115384615385 0.006024096385542169 0.026442307692307692 0.012048192771084338
0 0.41947115384615385 0.006024096385542169 0.036057692307692304 0.012048192771084338
0 0.44711538461538464 0.00963855421686747 0.038461538461538464 0.01927710843373494
0 0.48197115384615385 0.004819277108433735 0.036057692307692304 0.00963855421686747
0 0.5180288461538461 0.007228915662650603 0.036057692307692304 0.014457831325301205
0 0.5576923076923077 0.01927710843373494 0.052884615384615384 0.03855421686746988
