0 0.1201923076923077 0.4530120481927711 0.0673076923076923 0.0819277108433735
0 0.8245192307692307 0.4457831325301205 0.07692307692307693 0.08674698795180723
0 0.2848557692307692 0.44457831325301206 0.055288461538461536 0.06987951807228916
0 0.47115384615384615 0.4457831325301205 0.04807692307692308 0.06265060240963856
0 0.6069711538461539 0.43614457831325304 0.055288461538461536 0.05301204819277108
0 0.12139423076923077 0.014457831325301205 0.06971153846153846 0.02891566265060241
0 0.8257211538461539 0.01927710843373494 0.07932692307692307 0.03855421686746988
0 0.28365384615384615 0.01566265060240964 0.057692307692307696 0.03132530120481928
0 0.4723557692307692 0.01325301204819277 0.05048076923076923 0.02650602409638554
0 0.6057692307692307 0.01566265060240964 0.057692307692307696 0.03132530120481928
