1 0.1778846153846154 0.5661057692307693 0.052884615384615384 0.055288461538461536
1 0.23076923076923078 0.5372596153846154 0.04807692307692308 0.055288461538461536
1 0.4206730769230769 0.5420673076923077 0.04326923076923077 0.04567307692307692
1 0.3581730769230769 0.5588942307692307 0.04807692307692308 0.040865384615384616
1 0.2776442307692308 0.546875 0.036057692307692304 0.040865384615384616
1 0.15384615384615385 0.5336538461538461 0.04807692307692308 0.052884615384615384
1 0.5168269230769231 0.5588942307692307 0.03365384615384615 0.036057692307692304
0 0.8774038461538461 0.5721153846153846 0.038461538461538464 0.03365384615384615
1 0.8485576923076923 0.5841346153846154 0.028846153846153848 0.028846153846153848
0 0.10817307692307693 0.5444711538461539 0.04326923076923077 0.036057692307692304
