0 0.3137019230769231 0.39518072289156625 0.055288461538461536 0.05783132530120482
0 0.46033653846153844 0.3819277108433735 0.03125 0.05542168674698795
0 0.1045673076923077 0.3963855421686747 0.040865384615384616 0.04578313253012048
0 0.2704326923076923 0.3819277108433735 0.03125 0.04578313253012048
0 0.3473557692307692 0.39156626506024095 0.026442307692307692 0.03132530120481928
0 0.4831730769230769 0.39156626506024095 0.019230769230769232 0.03614457831325301
0 0.5 0.39397590361445783 0.02403846153846154 0.03132530120481928
0 0.546875 0.39397590361445783 0.03125 0.04096385542168675
0 0.6262019230769231 0.39879518072289155 0.03125 0.03132530120481928
0 0.671875 0.39036144578313253 0.040865384615384616 0.04819277108433735
0 0.703125 0.3795180722891566 0.03125 0.04578313253012048
0 0.3137019230769231 0.1108433734939759 0.055288461538461536 0.05783132530120482
0 0.46033653846153844 0.12650602409638553 0.03125 0.05542168674698795
0 0.1045673076923077 0.11204819277108434 0.040865384615384616 0.04578313253012048
0 0.2704326923076923 0.12650602409638553 0.03125 0.04578313253012048
0 0.3473557692307692 0.11686746987951807 0.026442307692307692 0.03132530120481928
0 0.4831730769230769 0.11686746987951807 0.019230769230769232 0.03614457831325301
0 0.5 0.1144578313253012 0.02403846153846154 0.03132530120481928
0 0.546875 0.1144578313253012 0.03125 0.04096385542168675
0 0.6262019230769231 0.10963855421686747 0.03125 0.03132530120481928
0 0.671875 0.11566265060240964 0.040865384615384616 0.04819277108433735
0 0.703125 0.12891566265060242 0.03125 0.04578313253012048
