0 0.5240384615384616 0.4710843373493976 0.0625 0.08433734939759036
0 0.2620192307692308 0.4831325301204819 0.08653846153846154 0.09397590361445783
0 0.796875 0.5060240963855421 0.09375 0.09156626506024096
0 0.6887019230769231 0.5012048192771085 0.07932692307692307 0.07710843373493977
0 0.390625 0.5120481927710844 0.036057692307692304 0.05542168674698795
0 0.4182692307692308 0.5072289156626506 0.028846153846153848 0.05542168674698795
0 0.6081730769230769 0.5144578313253012 0.038461538461538464 0.04096385542168675
0 0.9086538461538461 0.5156626506024097 0.04807692307692308 0.05783132530120482
0 0.3449519230769231 0.5518072289156627 0.040865384615384616 0.05783132530120482
0 0.8605769230769231 0.5265060240963856 0.03365384615384615 0.05060240963855422
