1 0.06490384615384616 0.3783132530120482 0.057692307692307696 0.09156626506024096
0 0.38221153846153844 0.3963855421686747 0.07211538461538461 0.0891566265060241
0 0.6610576923076923 0.37710843373493974 0.08173076923076923 0.10361445783132531
0 0.8161057692307693 0.3759036144578313 0.0889423076923077 0.12530120481927712
0 0.2932692307692308 0.38433734939759034 0.0625 0.0891566265060241
0 0.515625 0.3759036144578313 0.07932692307692307 0.10602409638554217
0 0.9519230769230769 0.3710843373493976 0.057692307692307696 0.0963855421686747
0 0.0625 0.3855421686746988 0.052884615384615384 0.07710843373493977
0 0.7776442307692307 0.39759036144578314 0.04567307692307692 0.07710843373493977
0 0.9038461538461539 0.3759036144578313 0.038461538461538464 0.06265060240963856
