1 0.8677884615384616 0.43493975903614457 0.08173076923076923 0.09397590361445783
1 0.040865384615384616 0.42891566265060244 0.057692307692307696 0.06746987951807229
1 0.3545673076923077 0.42650602409638555 0.04567307692307692 0.05783132530120482
1 0.2548076923076923 0.42650602409638555 0.04807692307692308 0.04819277108433735
1 0.44471153846153844 0.41927710843373495 0.057692307692307696 0.06265060240963856
1 0.40384615384615385 0.41445783132530123 0.04326923076923077 0.05783132530120482
1 0.6081730769230769 0.4469879518072289 0.03365384615384615 0.04578313253012048
1 0.65625 0.42650602409638555 0.04326923076923077 0.043373493975903614
1 0.7067307692307693 0.43493975903614457 0.03365384615384615 0.03614457831325301
1 0.7668269230769231 0.43493975903614457 0.04326923076923077 0.05542168674698795
