0 0.9435897435897436 0.4875 0.038461538461538464 0.07115384615384615
0 0.8557692307692307 0.47115384615384615 0.03461538461538462 0.06153846153846154
0 0.7634615384615384 0.5173076923076924 0.057692307692307696 0.09615384615384616
0 0.6442307692307693 0.4548076923076923 0.04230769230769231 0.051923076923076926
0 0.5442307692307692 0.37596153846153846 0.021794871794871794 0.03653846153846154
0 0.4576923076923077 0.4846153846153846 0.046153846153846156 0.07692307692307693
0 0.37051282051282053 0.45096153846153847 0.035897435897435895 0.05961538461538462
0 0.3326923076923077 0.46153846153846156 0.03717948717948718 0.06538461538461539
0 0.24358974358974358 0.5125 0.04871794871794872 0.08269230769230769
0 0.13333333333333333 0.4442307692307692 0.023076923076923078 0.046153846153846156
0 0.04871794871794872 0.5423076923076923 0.05384615384615385 0.08461538461538462
