1 0.5456730769230769 0.5204819277108433 0.07211538461538461 0.0819277108433735
1 0.15384615384615385 0.4831325301204819 0.07211538461538461 0.07951807228915662
1 0.5228365384615384 0.46265060240963857 0.040865384615384616 0.03855421686746988
1 0.7439903846153846 0.46987951807228917 0.040865384615384616 0.03855421686746988
0 0.3389423076923077 0.4927710843373494 0.0625 0.05542168674698795
0 0.3942307692307692 0.46265060240963857 0.057692307692307696 0.05301204819277108
0 0.4651442307692308 0.4710843373493976 0.05048076923076923 0.04578313253012048
0 0.6430288461538461 0.4783132530120482 0.06009615384615385 0.060240963855421686
0 0.6802884615384616 0.5024096385542168 0.04326923076923077 0.060240963855421686
1 0.7079326923076923 0.43855421686746987 0.036057692307692304 0.033734939759036145
0 0.6069711538461539 0.42650602409638555 0.026442307692307692 0.033734939759036145
0 0.6466346153846154 0.41566265060240964 0.028846153846153848 0.03614457831325301
0 0.6730769230769231 0.42048192771084336 0.02403846153846154 0.03132530120481928
0 0.5384615384615384 0.43734939759036146 0.028846153846153848 0.03132530120481928
