0 0.29086538461538464 0.41204819277108434 0.04326923076923077 0.04819277108433735
0 0.3401442307692308 0.42289156626506025 0.03125 0.04578313253012048
0 0.3701923076923077 0.41566265060240964 0.03365384615384615 0.04096385542168675
0 0.43509615384615385 0.40963855421686746 0.03365384615384615 0.04819277108433735
0 0.4567307692307692 0.40240963855421685 0.028846153846153848 0.04819277108433735
0 0.5540865384615384 0.40240963855421685 0.04567307692307692 0.05783132530120482
0 0.6129807692307693 0.41566265060240964 0.04807692307692308 0.060240963855421686
0 0.6646634615384616 0.41686746987951806 0.036057692307692304 0.04819277108433735
0 0.7175480769230769 0.40963855421686746 0.05048076923076923 0.06265060240963856
0 0.7632211538461539 0.41325301204819276 0.04567307692307692 0.05542168674698795
