1 0.775390625 0.5078431372549019 0.0234375 0.03529411764705882
1 0.67529296875 0.5124183006535947 0.0185546875 0.02875816993464052
1 0.208984375 0.40261437908496733 0.017578125 0.023529411764705882
1 0.26953125 0.49869281045751634 0.021484375 0.032679738562091505
1 0.3046875 0.5058823529411764 0.017578125 0.026143790849673203
0 0.33935546875 0.5104575163398692 0.0166015625 0.02483660130718954
1 0.37109375 0.5098039215686274 0.015625 0.026143790849673203
0 0.404296875 0.5137254901960784 0.017578125 0.023529411764705882
1 0.42529296875 0.5006535947712418 0.0166015625 0.026143790849673203
1 0.482421875 0.5124183006535947 0.017578125 0.026143790849673203
1 0.53857421875 0.5052287581699346 0.0224609375 0.03529411764705882
1 0.5908203125 0.5013071895424837 0.017578125 0.027450980392156862
