0 0.8353365384615384 0.36899038461538464 0.06009615384615385 0.06490384615384616
0 0.22596153846153846 0.3786057692307692 0.04807692307692308 0.06971153846153846
0 0.6213942307692307 0.36778846153846156 0.055288461538461536 0.0625
0 0.38461538461538464 0.3641826923076923 0.04807692307692308 0.06009615384615385
0 0.5516826923076923 0.38461538461538464 0.05048076923076923 0.057692307692307696
0 0.47475961538461536 0.3713942307692308 0.05048076923076923 0.06490384615384616
0 0.13701923076923078 0.3786057692307692 0.052884615384615384 0.06490384615384616
0 0.31009615384615385 0.3605769230769231 0.052884615384615384 0.0625
0 0.7415865384615384 0.38461538461538464 0.05048076923076923 0.057692307692307696
0 0.6899038461538461 0.3701923076923077 0.052884615384615384 0.0673076923076923
0 0.8341346153846154 0.020432692307692308 0.0625 0.040865384615384616
0 0.22716346153846154 0.016826923076923076 0.05048076923076923 0.03365384615384615
0 0.6201923076923077 0.020432692307692308 0.057692307692307696 0.040865384615384616
0 0.3858173076923077 0.021634615384615384 0.05048076923076923 0.04326923076923077
0 0.5504807692307693 0.010817307692307692 0.052884615384615384 0.021634615384615384
0 0.4735576923076923 0.019230769230769232 0.052884615384615384 0.038461538461538464
0 0.13822115384615385 0.015625 0.055288461538461536 0.03125
0 0.3112980769230769 0.02403846153846154 0.055288461538461536 0.04807692307692308
0 0.7403846153846154 0.010817307692307692 0.052884615384615384 0.021634615384615384
0 0.6911057692307693 0.020432692307692308 0.055288461538461536 0.040865384615384616
