1 0.8389423076923077 0.29927884615384615 0.07211538461538461 0.09375
1 0.3269230769230769 0.2932692307692308 0.0673076923076923 0.09615384615384616
1 0.18389423076923078 0.2860576923076923 0.06490384615384616 0.08653846153846154
1 0.47596153846153844 0.29927884615384615 0.09134615384615384 0.11778846153846154
1 0.6466346153846154 0.31850961538461536 0.057692307692307696 0.07451923076923077
1 0.7908653846153846 0.31850961538461536 0.052884615384615384 0.06971153846153846
1 0.14543269230769232 0.3161057692307692 0.040865384615384616 0.06009615384615385
1 0.8401442307692307 0.038461538461538464 0.07451923076923077 0.07692307692307693
1 0.328125 0.042067307692307696 0.06971153846153846 0.08413461538461539
1 0.18269230769230768 0.04326923076923077 0.0673076923076923 0.08653846153846154
1 0.47716346153846156 0.04447115384615385 0.09375 0.0889423076923077
1 0.6478365384615384 0.02403846153846154 0.06009615384615385 0.04807692307692308
1 0.7920673076923077 0.02283653846153846 0.055288461538461536 0.04567307692307692
1 0.14423076923076922 0.021634615384615384 0.04326923076923077 0.04326923076923077
