0 0.14903846153846154 0.41586538461538464 0.057692307692307696 0.0673076923076923
0 0.8918269230769231 0.4170673076923077 0.052884615384615384 0.055288461538461536
0 0.10096153846153846 0.4110576923076923 0.028846153846153848 0.03365384615384615
0 0.2668269230769231 0.421875 0.03365384615384615 0.04567307692307692
0 0.30408653846153844 0.4074519230769231 0.04567307692307692 0.05048076923076923
0 0.33533653846153844 0.4098557692307692 0.036057692307692304 0.04567307692307692
0 0.41466346153846156 0.4074519230769231 0.03125 0.04567307692307692
0 0.49759615384615385 0.4230769230769231 0.038461538461538464 0.04326923076923077
0 0.6225961538461539 0.4098557692307692 0.038461538461538464 0.04567307692307692
0 0.7872596153846154 0.43028846153846156 0.04567307692307692 0.04326923076923077
