1 0.3293269230769231 0.7096385542168675 0.0625 0.060240963855421686
1 0.6466346153846154 0.6746987951807228 0.04807692307692308 0.05301204819277108
1 0.49278846153846156 0.40602409638554215 0.04807692307692308 0.05060240963855422
1 0.3485576923076923 0.2289156626506024 0.04807692307692308 0.05783132530120482
1 0.4579326923076923 0.2253012048192771 0.05048076923076923 0.05060240963855422
0 0.7524038461538461 0.4072289156626506 0.057692307692307696 0.05301204819277108
1 0.3293269230769231 0.9602409638554217 0.0625 0.060240963855421686
1 0.6478365384615384 0.9819277108433735 0.05048076923076923 0.03132530120481928
1 0.3485576923076923 0.10361445783132531 0.04807692307692308 0.05783132530120482
1 0.4579326923076923 0.10963855421686747 0.05048076923076923 0.05060240963855422
