1 0.7668269230769231 0.31490384615384615 0.052884615384615384 0.057692307692307696
0 0.7836538461538461 0.3870192307692308 0.07211538461538461 0.09134615384615384
0 0.2512019230769231 0.35336538461538464 0.06490384615384616 0.10096153846153846
0 0.17067307692307693 0.39302884615384615 0.10096153846153846 0.11778846153846154
0 0.8822115384615384 0.35096153846153844 0.057692307692307696 0.0625
0 0.7151442307692307 0.34615384615384615 0.05048076923076923 0.0625
0 0.9615384615384616 0.47475961538461536 0.057692307692307696 0.13221153846153846
0 0.9675480769230769 0.34134615384615385 0.04567307692307692 0.057692307692307696
0 0.9399038461538461 0.33052884615384615 0.038461538461538464 0.04567307692307692
1 0.7680288461538461 0.028846153846153848 0.055288461538461536 0.057692307692307696
0 0.25 0.020432692307692308 0.0673076923076923 0.040865384615384616
0 0.8834134615384616 0.01201923076923077 0.06009615384615385 0.02403846153846154
0 0.7139423076923077 0.014423076923076924 0.052884615384615384 0.028846153846153848
0 0.9663461538461539 0.015625 0.04807692307692308 0.03125
0 0.9411057692307693 0.018028846153846152 0.040865384615384616 0.036057692307692304
