0 0.03666666666666667 0.4725 0.03333333333333333 0.06
0 0.11166666666666666 0.45625 0.03666666666666667 0.0525
0 0.17333333333333334 0.52 0.04 0.06
0 0.2175 0.52125 0.051666666666666666 0.0875
0 0.2125 0.455 0.028333333333333332 0.055
0 0.28833333333333333 0.515 0.043333333333333335 0.075
0 0.3675 0.515 0.04833333333333333 0.07
0 0.3458333333333333 0.4575 0.035 0.055
0 0.41583333333333333 0.44 0.028333333333333332 0.04
0 0.43166666666666664 0.46875 0.02666666666666667 0.0425
0 0.4275 0.5125 0.04833333333333333 0.08
0 0.4633333333333333 0.46625 0.03333333333333333 0.0625
0 0.44583333333333336 0.44125 0.018333333333333333 0.0325
0 0.515 0.48 0.03666666666666667 0.06
0 0.5975 0.4825 0.041666666666666664 0.06
0 0.6191666666666666 0.45 0.021666666666666667 0.04
0 0.7175 0.64 0.11166666666666666 0.185
0 0.7841666666666667 0.53875 0.058333333333333334 0.1025
0 0.9175 0.5825 0.075 0.105
0 0.905 0.5175 0.05 0.08
0 0.9283333333333333 0.50375 0.05333333333333334 0.0875
0 0.7433333333333333 0.4 0.023333333333333334 0.045
0 0.7375 0.4725 0.025 0.05
0 0.7675 0.46625 0.028333333333333332 0.0325
0 0.6925 0.4825 0.03833333333333333 0.055
0 0.6683333333333333 0.47375 0.023333333333333334 0.0425
