1 0.7367788461538461 0.3425480769230769 0.09375 0.11298076923076923
1 0.8353365384615384 0.3786057692307692 0.055288461538461536 0.08413461538461539
0 0.22235576923076922 0.34375 0.10336538461538461 0.12980769230769232
0 0.15625 0.390625 0.0625 0.06490384615384616
0 0.4362980769230769 0.40024038461538464 0.055288461538461536 0.06009615384615385
0 0.5985576923076923 0.40024038461538464 0.052884615384615384 0.06009615384615385
0 0.296875 0.3713942307692308 0.04567307692307692 0.06490384615384616
0 0.8810096153846154 0.3701923076923077 0.06009615384615385 0.07692307692307693
1 0.7367788461538461 0.09254807692307693 0.09375 0.11298076923076923
1 0.8353365384615384 0.056490384615384616 0.055288461538461536 0.08413461538461539
0 0.22235576923076922 0.0889423076923077 0.10336538461538461 0.12980769230769232
0 0.15625 0.04447115384615385 0.0625 0.06490384615384616
0 0.4362980769230769 0.03485576923076923 0.055288461538461536 0.06009615384615385
0 0.5985576923076923 0.03485576923076923 0.052884615384615384 0.06009615384615385
0 0.296875 0.06370192307692307 0.04567307692307692 0.06490384615384616
0 0.8810096153846154 0.0625 0.06009615384615385 0.07692307692307693
