0 0.61125 0.47833333333333333 0.0275 0.04666666666666667
0 0.07625 0.73 0.0625 0.08333333333333333
0 0.159375 0.7291666666666666 0.05875 0.09166666666666666
0 0.13 0.8516666666666667 0.1075 0.13666666666666666
0 0.254375 0.775 0.07875 0.09
0 0.305625 0.6841666666666667 0.05125 0.051666666666666666
0 0.3925 0.6583333333333333 0.0375 0.06333333333333334
0 0.439375 0.6291666666666667 0.03875 0.058333333333333334
0 0.45625 0.695 0.0525 0.08
0 0.419375 0.855 0.11625 0.14
0 0.535625 0.7025 0.05625 0.07833333333333334
0 0.49625 0.6766666666666666 0.045 0.06333333333333334
0 0.608125 0.66 0.04125 0.07
0 0.650625 0.6483333333333333 0.03875 0.05
0 0.66125 0.7466666666666667 0.07 0.09666666666666666
0 0.710625 0.64 0.04125 0.05
0 0.736875 0.6408333333333334 0.02875 0.051666666666666666
0 0.77 0.6391666666666667 0.0375 0.055
0 0.834375 0.69 0.05375 0.07333333333333333
0 0.84375 0.7766666666666666 0.0625 0.08333333333333333
0 0.905625 0.7675 0.05875 0.08833333333333333
0 0.876875 0.6675 0.03625 0.06166666666666667
0 0.88 0.6258333333333334 0.0325 0.045
0 0.95375 0.6441666666666667 0.05 0.07166666666666667
