1 0.1717902350813743 0.4433734939759036 0.0325497287522604 0.05783132530120482
1 0.1980108499095841 0.43855421686746987 0.019891500904159132 0.033734939759036145
1 0.24050632911392406 0.43132530120481927 0.0216998191681736 0.03855421686746988
1 0.27486437613019893 0.43012048192771085 0.04701627486437613 0.0746987951807229
1 0.3309222423146474 0.42289156626506025 0.03616636528028933 0.060240963855421686
1 0.35714285714285715 0.4457831325301205 0.019891500904159132 0.02891566265060241
1 0.41500904159132007 0.43253012048192774 0.0162748643761302 0.03132530120481928
1 0.4403254972875226 0.44819277108433736 0.0162748643761302 0.02891566265060241
1 0.5081374321880651 0.43614457831325304 0.018083182640144666 0.033734939759036145
1 0.5325497287522604 0.42048192771084336 0.0379746835443038 0.0746987951807229
1 0.5569620253164557 0.4493975903614458 0.02531645569620253 0.04578313253012048
1 0.6374321880650995 0.4578313253012048 0.04159132007233273 0.06265060240963856
1 0.8200723327305606 0.45542168674698796 0.04159132007233273 0.07228915662650602
