1 0.3125 0.7235576923076923 0.03365384615384615 0.038461538461538464
1 0.8112980769230769 0.5 0.036057692307692304 0.03365384615384615
1 0.4254807692307692 0.6262019230769231 0.03365384615384615 0.021634615384615384
1 0.31971153846153844 0.6286057692307693 0.038461538461538464 0.036057692307692304
1 0.41225961538461536 0.5973557692307693 0.03125 0.03125
1 0.4723557692307692 0.43149038461538464 0.036057692307692304 0.036057692307692304
1 0.59375 0.3389423076923077 0.038461538461538464 0.03365384615384615
1 0.5961538461538461 0.4326923076923077 0.038461538461538464 0.038461538461538464
1 0.4651442307692308 0.31971153846153844 0.026442307692307692 0.028846153846153848
1 0.4987980769230769 0.30528846153846156 0.036057692307692304 0.03365384615384615
1 0.5444711538461539 0.29927884615384615 0.03125 0.040865384615384616
1 0.3125 0.9447115384615384 0.03365384615384615 0.038461538461538464
1 0.4639423076923077 0.009615384615384616 0.028846153846153848 0.019230769230769232
1 0.4987980769230769 0.016826923076923076 0.036057692307692304 0.03365384615384615
1 0.5444711538461539 0.025240384615384616 0.03125 0.040865384615384616
