1 0.2733333333333333 0.4321608040201005 0.06666666666666667 0.1306532663316583
1 0.31833333333333336 0.47738693467336685 0.016666666666666666 0.02512562814070352
1 0.3491666666666667 0.47110552763819097 0.04833333333333333 0.09296482412060302
1 0.3725 0.4510050251256281 0.03166666666666667 0.07788944723618091
1 0.465 0.4396984924623116 0.05333333333333334 0.09045226130653267
0 0.5241666666666667 0.42336683417085424 0.03833333333333333 0.0678391959798995
1 0.6025 0.41331658291457285 0.055 0.10804020100502512
1 0.7058333333333333 0.4045226130653266 0.04833333333333333 0.10552763819095477
1 0.2025 0.49120603015075376 0.011666666666666667 0.022613065326633167
1 0.17583333333333334 0.4899497487437186 0.011666666666666667 0.020100502512562814
1 0.15666666666666668 0.49120603015075376 0.013333333333333334 0.022613065326633167
1 0.1225 0.4937185929648241 0.011666666666666667 0.022613065326633167
