1 0.6322115384615384 0.3894230769230769 0.07211538461538461 0.09134615384615384
1 0.7692307692307693 0.38100961538461536 0.0625 0.06971153846153846
1 0.6754807692307693 0.40384615384615385 0.04326923076923077 0.057692307692307696
1 0.109375 0.29927884615384615 0.04567307692307692 0.04567307692307692
1 0.41466346153846156 0.4495192307692308 0.026442307692307692 0.038461538461538464
1 0.5661057692307693 0.4110576923076923 0.03125 0.04326923076923077
1 0.4567307692307692 0.4326923076923077 0.038461538461538464 0.03365384615384615
1 0.4098557692307692 0.4182692307692308 0.036057692307692304 0.028846153846153848
1 0.6334134615384616 0.04326923076923077 0.07451923076923077 0.08653846153846154
1 0.7692307692307693 0.04927884615384615 0.0625 0.06971153846153846
1 0.6766826923076923 0.027644230769230768 0.04567307692307692 0.055288461538461536
1 0.109375 0.1310096153846154 0.04567307692307692 0.04567307692307692
1 0.5649038461538461 0.020432692307692308 0.03365384615384615 0.040865384615384616
1 0.4579326923076923 0.007211538461538462 0.040865384615384616 0.014423076923076924
1 0.40865384615384615 0.013221153846153846 0.038461538461538464 0.026442307692307692
