1 0.29 0.4847457627118644 0.06 0.12203389830508475
1 0.39666666666666667 0.488135593220339 0.051111111111111114 0.09491525423728814
1 0.6211111111111111 0.5169491525423728 0.051111111111111114 0.09830508474576272
1 0.6477777777777778 0.45084745762711864 0.042222222222222223 0.06779661016949153
1 0.69 0.4864406779661017 0.042222222222222223 0.0847457627118644
1 0.7555555555555555 0.488135593220339 0.04888888888888889 0.1016949152542373
1 0.8633333333333333 0.4694915254237288 0.051111111111111114 0.11186440677966102
1 0.9222222222222223 0.5474576271186441 0.08888888888888889 0.13898305084745763
1 0.5388888888888889 0.4847457627118644 0.042222222222222223 0.08813559322033898
1 0.7233333333333334 0.46440677966101696 0.03333333333333333 0.08135593220338982
