1 0.13583333333333333 0.37 0.14166666666666666 0.255
1 0.2075 0.4475 0.065 0.16
1 0.26 0.4425 0.06666666666666667 0.13
1 0.29833333333333334 0.39125 0.05 0.0925
1 0.3975 0.4125 0.035 0.09
1 0.41333333333333333 0.38125 0.03 0.0725
1 0.49166666666666664 0.3875 0.06 0.11
1 0.6475 0.3325 0.051666666666666666 0.115
1 0.8225 0.34875 0.065 0.1125
1 0.21 0.33 0.03333333333333333 0.08
1 0.36833333333333335 0.37125 0.06 0.1275
1 0.5691666666666667 0.36625 0.058333333333333334 0.1075
1 0.9233333333333333 0.3375 0.03666666666666667 0.065
