1 0.9625 0.5877192982456141 0.035 0.05764411027568922
1 0.8358333333333333 0.5927318295739349 0.041666666666666664 0.06766917293233082
1 0.805 0.6102756892230576 0.03 0.05263157894736842
1 0.905 0.6052631578947368 0.04 0.05764411027568922
1 0.7758333333333334 0.6102756892230576 0.03166666666666667 0.05764411027568922
1 0.7516666666666667 0.6177944862155389 0.02 0.047619047619047616
1 0.7075 0.6365914786967418 0.025 0.045112781954887216
1 0.6208333333333333 0.6278195488721805 0.021666666666666667 0.042606516290726815
1 0.645 0.5989974937343359 0.04 0.06516290726817042
1 0.5958333333333333 0.6140350877192983 0.021666666666666667 0.040100250626566414
1 0.5716666666666667 0.6127819548872181 0.02 0.042606516290726815
1 0.5391666666666667 0.6215538847117794 0.018333333333333333 0.040100250626566414
1 0.46166666666666667 0.6215538847117794 0.02 0.040100250626566414
1 0.4725 0.631578947368421 0.011666666666666667 0.03007518796992481
1 0.405 0.6290726817042607 0.023333333333333334 0.045112781954887216
1 0.3875 0.6102756892230576 0.025 0.05263157894736842
1 0.36333333333333334 0.6115288220551378 0.023333333333333334 0.045112781954887216
1 0.32083333333333336 0.6165413533834586 0.028333333333333332 0.05513784461152882
1 0.29833333333333334 0.5939849624060151 0.03333333333333333 0.06516290726817042
1 0.265 0.6165413533834586 0.03 0.05012531328320802
1 0.22666666666666666 0.6052631578947368 0.03666666666666667 0.06766917293233082
1 0.19083333333333333 0.6090225563909775 0.035 0.06516290726817042
1 0.15583333333333332 0.5889724310776943 0.03166666666666667 0.06015037593984962
1 0.13666666666666666 0.6403508771929824 0.03 0.06766917293233082
1 0.11916666666666667 0.606516290726817 0.03166666666666667 0.07017543859649122
1 0.09416666666666666 0.6190476190476191 0.041666666666666664 0.08521303258145363
1 0.055 0.6403508771929824 0.05333333333333334 0.08771929824561403
