1 0.14182692307692307 0.4411057692307692 0.125 0.12259615384615384
1 0.18629807692307693 0.5829326923076923 0.14182692307692307 0.14182692307692307
1 0.33653846153846156 0.7247596153846154 0.17307692307692307 0.18028846153846154
1 0.4639423076923077 0.5480769230769231 0.12980769230769232 0.16346153846153846
1 0.5276442307692307 0.3918269230769231 0.07932692307692307 0.08173076923076923
1 0.5396634615384616 0.46875 0.12259615384615384 0.09615384615384616
1 0.6574519230769231 0.5192307692307693 0.0889423076923077 0.10576923076923077
1 0.6346153846153846 0.3605769230769231 0.057692307692307696 0.07211538461538461
1 0.6838942307692307 0.38221153846153844 0.06009615384615385 0.07211538461538461
1 0.7079326923076923 0.44471153846153844 0.08413461538461539 0.08173076923076923
1 0.8605769230769231 0.5012019230769231 0.15384615384615385 0.1658653846153846
1 0.8040865384615384 0.44350961538461536 0.08413461538461539 0.0985576923076923
1 0.8533653846153846 0.3701923076923077 0.07692307692307693 0.08653846153846154
1 0.33774038461538464 0.9194711538461539 0.17548076923076922 0.15625
1 0.6358173076923077 0.007211538461538462 0.06009615384615385 0.014423076923076924
