1 0.03307692307692308 0.4053117782909931 0.023076923076923078 0.03926096997690531
1 0.07384615384615385 0.35912240184757505 0.07692307692307693 0.14087759815242495
1 0.15076923076923077 0.3787528868360277 0.024615384615384615 0.046189376443418015
1 0.20307692307692307 0.325635103926097 0.07076923076923076 0.14318706697459585
1 0.26153846153846155 0.3464203233256351 0.05846153846153846 0.11085450346420324
1 0.31846153846153846 0.36143187066974597 0.04 0.08083140877598152
1 0.35384615384615387 0.3418013856812933 0.055384615384615386 0.13394919168591224
1 0.3992307692307692 0.34988452655889146 0.047692307692307694 0.09468822170900693
1 0.4646153846153846 0.3325635103926097 0.06153846153846154 0.12933025404157045
1 0.546923076923077 0.3117782909930716 0.05692307692307692 0.12933025404157045
1 0.6330769230769231 0.35912240184757505 0.038461538461538464 0.09006928406466513
1 0.5992307692307692 0.3418013856812933 0.03230769230769231 0.07852193995381063
1 0.68 0.24480369515011546 0.08923076923076922 0.19399538106235567
1 0.7984615384615384 0.3210161662817552 0.043076923076923075 0.07852193995381063
1 0.8592307692307692 0.29445727482678985 0.08461538461538462 0.15935334872979215
0 0.9846153846153847 0.3579676674364896 0.03076923076923077 0.05542725173210162
