1 0.8257211538461539 0.46265060240963857 0.055288461538461536 0.06746987951807229
1 0.46274038461538464 0.45903614457831327 0.04567307692307692 0.06987951807228916
1 0.16105769230769232 0.463855421686747 0.052884615384615384 0.0746987951807229
1 0.3137019230769231 0.4746987951807229 0.04567307692307692 0.06746987951807229
1 0.21634615384615385 0.4831325301204819 0.03365384615384615 0.04578313253012048
1 0.3485576923076923 0.46987951807228917 0.028846153846153848 0.05783132530120482
1 0.5 0.4674698795180723 0.038461538461538464 0.06265060240963856
1 0.6189903846153846 0.44216867469879517 0.05048076923076923 0.06987951807228916
1 0.6887019230769231 0.4602409638554217 0.036057692307692304 0.04819277108433735
1 0.6586538461538461 0.4686746987951807 0.028846153846153848 0.04578313253012048
1 0.7728365384615384 0.4530120481927711 0.036057692307692304 0.04819277108433735
1 0.9423076923076923 0.45903614457831327 0.038461538461538464 0.04578313253012048
1 0.8605769230769231 0.4602409638554217 0.03365384615384615 0.05783132530120482
1 0.3858173076923077 0.4578313253012048 0.04567307692307692 0.06265060240963856
1 0.5516826923076923 0.4650602409638554 0.021634615384615384 0.033734939759036145
1 0.578125 0.4674698795180723 0.026442307692307692 0.03855421686746988
