1 0.5733173076923077 0.28433734939759037 0.1658653846153846 0.19759036144578312
1 0.40024038461538464 0.2710843373493976 0.18509615384615385 0.2385542168674699
1 0.7067307692307693 0.24819277108433735 0.12980769230769232 0.15421686746987953
1 0.9651442307692307 0.25662650602409637 0.06490384615384616 0.12289156626506025
1 0.7872596153846154 0.327710843373494 0.08413461538461539 0.09156626506024096
1 0.5721153846153846 0.05783132530120482 0.16826923076923078 0.11566265060240964
1 0.39903846153846156 0.0746987951807229 0.1875 0.1493975903614458
1 0.7079326923076923 0.06506024096385542 0.13221153846153846 0.13012048192771083
1 0.9639423076923077 0.05301204819277108 0.0673076923076923 0.10602409638554217
1 0.7860576923076923 0.00963855421686747 0.08653846153846154 0.01927710843373494
