0 0.05 0.5706214689265536 0.014285714285714285 0.03389830508474576
0 0.1253968253968254 0.4463276836158192 0.04126984126984127 0.0847457627118644
0 0.17539682539682538 0.4081920903954802 0.04285714285714286 0.09322033898305085
0 0.23809523809523808 0.4463276836158192 0.03492063492063492 0.06779661016949153
0 0.3103174603174603 0.3644067796610169 0.05555555555555555 0.10734463276836158
0 0.4238095238095238 0.2966101694915254 0.05714285714285714 0.12429378531073447
0 0.5388888888888889 0.2612994350282486 0.07142857142857142 0.16666666666666666
0 0.5015873015873016 0.4562146892655367 0.03492063492063492 0.07627118644067797
0 0.6357142857142857 0.4915254237288136 0.026984126984126985 0.062146892655367235
0 0.6658730158730158 0.5169491525423728 0.026984126984126985 0.04519774011299435
0 0.8611111111111112 0.1483050847457627 0.10634920634920635 0.211864406779661
