0 0.07333333333333333 0.28940217391304346 0.05333333333333334 0.09510869565217392
0 0.16916666666666666 0.26766304347826086 0.045 0.07880434782608696
0 0.21416666666666667 0.2269021739130435 0.041666666666666664 0.07880434782608696
0 0.19 0.485054347826087 0.06 0.09510869565217392
0 0.25666666666666665 0.33016304347826086 0.056666666666666664 0.08967391304347826
0 0.2775 0.27445652173913043 0.03833333333333333 0.07608695652173914
0 0.325 0.23369565217391305 0.05333333333333334 0.09782608695652174
0 0.38 0.2758152173913043 0.056666666666666664 0.08423913043478261
0 0.3275 0.5122282608695652 0.055 0.10054347826086957
0 0.4275 0.25407608695652173 0.041666666666666664 0.07880434782608696
0 0.4575 0.3220108695652174 0.041666666666666664 0.07880434782608696
0 0.5058333333333334 0.27717391304347827 0.03833333333333333 0.08152173913043478
0 0.5466666666666666 0.266304347826087 0.043333333333333335 0.08695652173913043
0 0.5875 0.2513586956521739 0.03833333333333333 0.07880434782608696
0 0.6258333333333334 0.26222826086956524 0.045 0.08967391304347826
0 0.6733333333333333 0.264945652173913 0.03666666666666667 0.07880434782608696
0 0.7116666666666667 0.3016304347826087 0.04 0.08152173913043478
0 0.7525 0.266304347826087 0.041666666666666664 0.07065217391304347
0 0.795 0.31657608695652173 0.043333333333333335 0.08967391304347826
0 0.8275 0.2703804347826087 0.041666666666666664 0.08423913043478261
0 0.8841666666666667 0.26902173913043476 0.041666666666666664 0.08695652173913043
0 0.9241666666666667 0.22554347826086957 0.04833333333333333 0.09782608695652174
0 0.8975 0.46875 0.045 0.08967391304347826
0 0.8141666666666667 0.46059782608695654 0.04833333333333333 0.08967391304347826
0 0.7116666666666667 0.5108695652173914 0.056666666666666664 0.10869565217391304
0 0.585 0.49184782608695654 0.056666666666666664 0.11413043478260869
0 0.44333333333333336 0.4891304347826087 0.06 0.10869565217391304
