1 0.08208333333333333 0.6700125470514429 0.029166666666666667 0.05269761606022585
1 0.18416666666666667 0.6455457967377666 0.021666666666666667 0.03889585947302384
1 0.40291666666666665 0.7377666248431619 0.03916666666666667 0.07026348808030113
1 0.043333333333333335 0.6844416562107905 0.03666666666666667 0.05897114178168131
1 0.16958333333333334 0.6969887076537014 0.0275 0.04642409033877039
1 0.27166666666666667 0.6957340025094103 0.03166666666666667 0.056461731493099125
1 0.32625 0.651819322459222 0.0225 0.03638644918444166
1 0.31 0.5664993726474279 0.016666666666666666 0.026348808030112924
1 0.44875 0.7139272271016311 0.034166666666666665 0.05520702634880803
1 0.49916666666666665 0.6097867001254705 0.023333333333333334 0.037641154328732745
1 0.5416666666666666 0.5872020075282308 0.018333333333333333 0.03262233375156838
1 0.6041666666666666 0.5646173149309912 0.018333333333333333 0.03262233375156838
1 0.5891666666666666 0.6900878293601004 0.035 0.060225846925972396
1 0.6495833333333333 0.6750313676286073 0.029166666666666667 0.04767879548306148
1 0.7783333333333333 0.7258469259723965 0.023333333333333334 0.04893350062735257
1 0.795 0.704516938519448 0.03166666666666667 0.06398996235884567
1 0.925 0.6700125470514429 0.03666666666666667 0.06775407779171895
