1 0.24278846153846154 0.4036144578313253 0.22596153846153846 0.2674698795180723
1 0.5048076923076923 0.4493975903614458 0.15384615384615385 0.18072289156626506
1 0.6730769230769231 0.336144578313253 0.028846153846153848 0.03614457831325301
1 0.8389423076923077 0.41325301204819276 0.15384615384615385 0.16626506024096385
1 0.9471153846153846 0.39759036144578314 0.10096153846153846 0.24096385542168675
1 0.2439903846153846 0.07349397590361446 0.2283653846153846 0.14698795180722893
1 0.5060096153846154 0.02891566265060241 0.15625 0.05783132530120482
1 0.6730769230769231 0.08072289156626505 0.028846153846153848 0.03614457831325301
1 0.8401442307692307 0.043373493975903614 0.15625 0.08674698795180723
1 0.9483173076923077 0.06987951807228916 0.10336538461538461 0.13975903614457832
