1 0.176 0.5253333333333333 0.024 0.042666666666666665
1 0.486 0.49866666666666665 0.02 0.032
1 0.097 0.5493333333333333 0.03 0.037333333333333336
1 0.14 0.556 0.024 0.04
1 0.275 0.552 0.03 0.048
1 0.389 0.5213333333333333 0.018 0.034666666666666665
1 0.313 0.5386666666666666 0.042 0.06933333333333333
1 0.338 0.5146666666666667 0.024 0.037333333333333336
0 0.374 0.49866666666666665 0.02 0.02666666666666667
0 0.41 0.5053333333333333 0.02 0.024
1 0.439 0.536 0.026 0.037333333333333336
1 0.466 0.5493333333333333 0.024 0.037333333333333336
1 0.447 0.49333333333333335 0.018 0.021333333333333333
1 0.483 0.5293333333333333 0.026 0.04
0 0.515 0.492 0.014 0.018666666666666668
1 0.539 0.49333333333333335 0.014 0.02666666666666667
1 0.55 0.5146666666666667 0.024 0.032
1 0.574 0.48533333333333334 0.016 0.032
1 0.597 0.524 0.03 0.04
1 0.615 0.49866666666666665 0.018 0.02666666666666667
1 0.632 0.52 0.032 0.042666666666666665
1 0.711 0.48533333333333334 0.018 0.02666666666666667
1 0.733 0.48533333333333334 0.014 0.037333333333333336
1 0.749 0.4826666666666667 0.018 0.037333333333333336
1 0.752 0.5413333333333333 0.032 0.042666666666666665
1 0.787 0.5573333333333333 0.034 0.05333333333333334
1 0.727 0.5293333333333333 0.022 0.034666666666666665
1 0.69 0.49733333333333335 0.02 0.034666666666666665
0 0.751 0.6173333333333333 0.074 0.10933333333333334
1 0.965 0.604 0.07 0.17866666666666667
0 0.88 0.556 0.04 0.072
0 0.909 0.552 0.03 0.05333333333333334
1 0.796 0.508 0.028 0.034666666666666665
1 0.763 0.4866666666666667 0.018 0.034666666666666665
1 0.834 0.508 0.028 0.04533333333333334
1 0.814 0.532 0.032 0.050666666666666665
