1 0.105 0.6011080332409973 0.03333333333333333 0.055401662049861494
1 0.15916666666666668 0.6080332409972299 0.028333333333333332 0.06371191135734072
1 0.2075 0.6177285318559557 0.035 0.07202216066481995
1 0.2916666666666667 0.5997229916897507 0.03 0.05817174515235457
1 0.2683333333333333 0.7299168975069252 0.03333333333333333 0.05817174515235457
1 0.3225 0.6121883656509696 0.018333333333333333 0.055401662049861494
1 0.3425 0.7313019390581718 0.03166666666666667 0.055401662049861494
1 0.4116666666666667 0.7437673130193906 0.03 0.05263157894736842
1 0.6075 0.7146814404432132 0.028333333333333332 0.060941828254847646
1 0.6308333333333334 0.6177285318559557 0.025 0.04986149584487535
1 0.665 0.5914127423822715 0.03 0.05817174515235457
1 0.695 0.7008310249307479 0.03666666666666667 0.07202216066481995
1 0.7341666666666666 0.5858725761772853 0.03166666666666667 0.06371191135734072
1 0.795 0.6094182825484764 0.03 0.060941828254847646
1 0.8483333333333334 0.5969529085872576 0.03333333333333333 0.06371191135734072
1 0.7975 0.739612188365651 0.03166666666666667 0.07202216066481995
1 0.9183333333333333 0.7340720221606648 0.03666666666666667 0.08310249307479224
1 0.6091666666666666 0.6163434903047091 0.03166666666666667 0.06925207756232687
1 0.34 0.6066481994459834 0.02666666666666667 0.055401662049861494
1 0.39916666666666667 0.5983379501385041 0.03166666666666667 0.060941828254847646
1 0.15333333333333332 0.739612188365651 0.03 0.060941828254847646
