1 0.6346153846153846 0.5289156626506024 0.0625 0.0891566265060241
1 0.42427884615384615 0.5289156626506024 0.07932692307692307 0.07951807228915662
1 0.5865384615384616 0.5108433734939759 0.057692307692307696 0.07710843373493977
1 0.7824519230769231 0.3927710843373494 0.05048076923076923 0.06265060240963856
1 0.5084134615384616 0.40602409638554215 0.040865384615384616 0.05060240963855422
1 0.5612980769230769 0.40602409638554215 0.04567307692307692 0.05542168674698795
1 0.40625 0.5228915662650603 0.014423076923076924 0.07710843373493977
1 0.7824519230769231 0.04578313253012048 0.05048076923076923 0.06265060240963856
1 0.5084134615384616 0.03493975903614458 0.040865384615384616 0.05060240963855422
1 0.5612980769230769 0.03493975903614458 0.04567307692307692 0.05542168674698795
