1 0.5192307692307693 0.3530120481927711 0.0625 0.08433734939759036
1 0.6526442307692307 0.3433734939759036 0.055288461538461536 0.07951807228915662
1 0.33533653846153844 0.3602409638554217 0.05048076923076923 0.060240963855421686
1 0.21754807692307693 0.3650602409638554 0.05048076923076923 0.060240963855421686
1 0.7283653846153846 0.3421686746987952 0.10096153846153846 0.1108433734939759
1 0.5192307692307693 0.08313253012048193 0.0625 0.08433734939759036
1 0.6526442307692307 0.0927710843373494 0.055288461538461536 0.07951807228915662
1 0.33533653846153844 0.07590361445783132 0.05048076923076923 0.060240963855421686
1 0.21754807692307693 0.07108433734939759 0.05048076923076923 0.060240963855421686
1 0.7283653846153846 0.09156626506024096 0.10096153846153846 0.1108433734939759
