1 0.5649038461538461 0.2819277108433735 0.09615384615384616 0.12530120481927712
1 0.8197115384615384 0.3 0.10576923076923077 0.14216867469879518
1 0.5072115384615384 0.36626506024096384 0.10576923076923077 0.13012048192771083
1 0.36658653846153844 0.3349397590361446 0.10336538461538461 0.13493975903614458
1 0.6742788461538461 0.3542168674698795 0.10817307692307693 0.12530120481927712
1 0.22956730769230768 0.29518072289156627 0.09375 0.12771084337349398
1 0.5661057692307693 0.05783132530120482 0.0985576923076923 0.11566265060240964
1 0.8209134615384616 0.05301204819277108 0.10817307692307693 0.10602409638554217
1 0.5084134615384616 0.016867469879518072 0.10817307692307693 0.033734939759036145
1 0.36538461538461536 0.033734939759036145 0.10576923076923077 0.06746987951807229
1 0.6730769230769231 0.021686746987951807 0.11057692307692307 0.043373493975903614
1 0.2283653846153846 0.051807228915662654 0.09615384615384616 0.10361445783132531
