1 0.859375 0.6433734939759036 0.06490384615384616 0.0819277108433735
1 0.6081730769230769 0.6036144578313253 0.04807692307692308 0.0746987951807229
1 0.21875 0.6168674698795181 0.04326923076923077 0.05783132530120482
1 0.9699519230769231 0.5927710843373494 0.04567307692307692 0.06265060240963856
1 0.13221153846153846 0.6168674698795181 0.04326923076923077 0.06746987951807229
1 0.09375 0.6289156626506024 0.057692307692307696 0.07710843373493977
1 0.5048076923076923 0.6144578313253012 0.04807692307692308 0.06265060240963856
1 0.7788461538461539 0.6036144578313253 0.04326923076923077 0.060240963855421686
1 0.8221153846153846 0.608433734939759 0.028846153846153848 0.05060240963855422
1 0.4387019230769231 0.6120481927710844 0.021634615384615384 0.033734939759036145
1 0.546875 0.6108433734939759 0.026442307692307692 0.03614457831325301
1 0.46875 0.619277108433735 0.019230769230769232 0.033734939759036145
