1 0.3894230769230769 0.4098557692307692 0.04326923076923077 0.06490384615384616
1 0.16466346153846154 0.5480769230769231 0.06490384615384616 0.0625
1 0.038461538461538464 0.5 0.04807692307692308 0.0625
1 0.5985576923076923 0.5288461538461539 0.04807692307692308 0.057692307692307696
1 0.5625 0.421875 0.04807692307692308 0.055288461538461536
1 0.6177884615384616 0.4230769230769231 0.04326923076923077 0.057692307692307696
1 0.7884615384615384 0.5288461538461539 0.057692307692307696 0.052884615384615384
1 0.3112980769230769 0.26802884615384615 0.040865384615384616 0.036057692307692304
1 0.3389423076923077 0.2920673076923077 0.04326923076923077 0.036057692307692304
1 0.7992788461538461 0.4230769230769231 0.05048076923076923 0.0673076923076923
1 0.7740384615384616 0.40384615384615385 0.038461538461538464 0.052884615384615384
1 0.8341346153846154 0.41947115384615385 0.04326923076923077 0.05048076923076923
1 0.3112980769230769 0.06610576923076923 0.040865384615384616 0.036057692307692304
1 0.3389423076923077 0.042067307692307696 0.04326923076923077 0.036057692307692304
