0 0.15985576923076922 0.4951923076923077 0.05048076923076923 0.057692307692307696
0 0.234375 0.5060096153846154 0.04567307692307692 0.05048076923076923
0 0.28846153846153844 0.49399038461538464 0.038461538461538464 0.04567307692307692
0 0.3629807692307692 0.49399038461538464 0.03365384615384615 0.05048076923076923
0 0.4411057692307692 0.4795673076923077 0.040865384615384616 0.04567307692307692
0 0.5084134615384616 0.5108173076923077 0.036057692307692304 0.04567307692307692
0 0.5649038461538461 0.49278846153846156 0.03365384615384615 0.04326923076923077
0 0.8858173076923077 0.4891826923076923 0.036057692307692304 0.04567307692307692
0 0.7848557692307693 0.47596153846153844 0.036057692307692304 0.04326923076923077
0 0.8245192307692307 0.5012019230769231 0.04326923076923077 0.04567307692307692
0 0.7536057692307693 0.5096153846153846 0.036057692307692304 0.038461538461538464
0 0.6081730769230769 0.4855769230769231 0.03365384615384615 0.04326923076923077
0 0.6538461538461539 0.5012019230769231 0.038461538461538464 0.04567307692307692
0 0.7019230769230769 0.5048076923076923 0.03365384615384615 0.04326923076923077
