1 0.16239669421487604 0.6965859030837004 0.032231404958677684 0.04515418502202643
1 0.31694214876033056 0.710352422907489 0.023966942148760332 0.03524229074889868
1 0.3603305785123967 0.7075991189427313 0.011570247933884297 0.02092511013215859
1 0.3888429752066116 0.637114537444934 0.04214876033057851 0.06938325991189427
1 0.4450413223140496 0.6789647577092511 0.03553719008264463 0.051762114537444934
1 0.4925619834710744 0.6701541850220264 0.03471074380165289 0.053964757709251104
1 0.22190082644628098 0.7131057268722467 0.010743801652892562 0.018722466960352423
1 0.2103305785123967 0.7081497797356828 0.00909090909090909 0.013215859030837005
1 0.5371900826446281 0.6729074889867841 0.03636363636363636 0.05286343612334802
1 0.5834710743801653 0.6800660792951542 0.02975206611570248 0.0473568281938326
1 0.6173553719008265 0.6850220264317181 0.04297520661157025 0.05947136563876652
1 0.6574380165289256 0.6624449339207048 0.0371900826446281 0.06277533039647577
1 0.6929752066115702 0.6558370044052864 0.033884297520661154 0.05616740088105727
1 0.7355371900826446 0.638215859030837 0.049586776859504134 0.07819383259911894
1 0.7690082644628099 0.6541850220264317 0.030578512396694214 0.05726872246696035
1 0.8016528925619835 0.6624449339207048 0.03636363636363636 0.05837004405286344
1 0.8652892561983471 0.6486784140969163 0.03140495867768595 0.06607929515418502
1 0.9 0.5919603524229075 0.08429752066115702 0.10462555066079295
