1 0.4963855421686747 0.6057692307692307 0.024096385542168676 0.028846153846153848
1 0.5144578313253012 0.5252403846153846 0.02650602409638554 0.03125
1 0.24096385542168675 0.16466346153846154 0.02891566265060241 0.021634615384615384
1 0.7626506024096386 0.27283653846153844 0.021686746987951807 0.026442307692307692
1 0.7506024096385542 0.5372596153846154 0.021686746987951807 0.026442307692307692
1 0.7807228915662651 0.5420673076923077 0.01927710843373494 0.026442307692307692
1 0.5457831325301205 0.026442307692307692 0.02650602409638554 0.02403846153846154
1 0.09156626506024096 0.16466346153846154 0.02891566265060241 0.021634615384615384
1 0.9072289156626506 0.27283653846153844 0.021686746987951807 0.026442307692307692
1 0.9192771084337349 0.5372596153846154 0.021686746987951807 0.026442307692307692
1 0.8867469879518072 0.5420673076923077 0.01927710843373494 0.026442307692307692
