1 0.8413461538461539 0.6514423076923077 0.0625 0.0673076923076923
1 0.5264423076923077 0.6009615384615384 0.04807692307692308 0.057692307692307696
1 0.08413461538461539 0.36658653846153844 0.028846153846153848 0.03125
1 0.15144230769230768 0.4206730769230769 0.028846153846153848 0.03365384615384615
1 0.21033653846153846 0.46153846153846156 0.026442307692307692 0.028846153846153848
1 0.2956730769230769 0.48677884615384615 0.028846153846153848 0.03125
1 0.5997596153846154 0.5096153846153846 0.026442307692307692 0.038461538461538464
1 0.8557692307692307 0.3425480769230769 0.028846153846153848 0.036057692307692304
1 0.7415865384615384 0.41346153846153844 0.026442307692307692 0.038461538461538464
1 0.6742788461538461 0.44711538461538464 0.021634615384615384 0.038461538461538464
1 0.6899038461538461 0.47836538461538464 0.028846153846153848 0.03365384615384615
