1 0.28984375 0.23903966597077245 0.2390625 0.47390396659707723
1 0.02578125 0.19206680584551147 0.0421875 0.07515657620041753
1 0.490625 0.4989561586638831 0.1125 0.20876826722338204
1 0.48984375 0.7223382045929019 0.1328125 0.267223382045929
1 0.890625 0.7286012526096033 0.1875 0.33402922755741127
1 0.6 0.29018789144050106 0.046875 0.07515657620041753
1 0.70078125 0.2578288100208768 0.0203125 0.03966597077244259
1 0.62265625 0.46346555323590816 0.0828125 0.16701461377870563
1 0.81796875 0.48434237995824636 0.0796875 0.14613778705636743
1 0.8984375 0.42379958246346555 0.053125 0.08350730688935282
1 0.7671875 0.2870563674321503 0.01875 0.027139874739039668
1 0.0890625 0.3945720250521921 0.103125 0.17118997912317327
1 0.89453125 0.302713987473904 0.0328125 0.04592901878914405
1 0.9484375 0.2839248434237996 0.025 0.033402922755741124
