1 0.7276785714285714 0.49603174603174605 0.055357142857142855 0.10846560846560846
1 0.5982142857142857 0.5238095238095238 0.07857142857142857 0.14285714285714285
1 0.3982142857142857 0.7182539682539683 0.06428571428571428 0.10317460317460317
1 0.5116071428571428 0.9391534391534392 0.10178571428571428 0.12169312169312169
1 0.30714285714285716 0.33201058201058203 0.017857142857142856 0.0291005291005291
1 0.34375 0.33994708994708994 0.023214285714285715 0.03968253968253968
1 0.34464285714285714 0.46825396825396826 0.025 0.042328042328042326
1 0.21696428571428572 0.35714285714285715 0.019642857142857142 0.026455026455026454
1 0.2357142857142857 0.455026455026455 0.025 0.042328042328042326
1 0.2125 0.4576719576719577 0.017857142857142856 0.031746031746031744
1 0.18839285714285714 0.4576719576719577 0.01607142857142857 0.031746031746031744
