1 0.352972972972973 0.28583061889250816 0.07243243243243243 0.13517915309446255
1 0.4918918918918919 0.25651465798045603 0.0627027027027027 0.13192182410423453
1 0.5491891891891892 0.30781758957654726 0.043243243243243246 0.08143322475570032
1 0.6454054054054054 0.3469055374592834 0.04972972972972973 0.10749185667752444
1 0.7 0.3289902280130293 0.03783783783783784 0.0749185667752443
1 0.7875675675675675 0.3249185667752443 0.03783783783783784 0.07654723127035831
1 0.8335135135135135 0.34201954397394135 0.04756756756756757 0.08794788273615635
0 0.8789189189189189 0.36074918566775244 0.015135135135135135 0.02768729641693811
0 0.9075675675675675 0.36156351791530944 0.00972972972972973 0.02280130293159609
0 0.9178378378378378 0.36563517915309446 0.012972972972972972 0.024429967426710098
0 0.9486486486486486 0.36400651465798045 0.016216216216216217 0.02768729641693811
