0 0.8978365384615384 0.372289156626506 0.06971153846153846 0.09879518072289156
0 0.3245192307692308 0.37349397590361444 0.08173076923076923 0.0963855421686747
0 0.5588942307692307 0.3710843373493976 0.06971153846153846 0.09156626506024096
0 0.042067307692307696 0.3578313253012048 0.06971153846153846 0.1180722891566265
0 0.8329326923076923 0.40963855421686746 0.11298076923076923 0.1493975903614458
0 0.1201923076923077 0.38795180722891565 0.1201923076923077 0.14457831325301204
0 0.4855769230769231 0.39036144578313253 0.08653846153846154 0.10602409638554217
0 0.24278846153846154 0.3325301204819277 0.10576923076923077 0.14457831325301204
0 0.7055288461538461 0.3710843373493976 0.09375 0.13012048192771083
0 0.37740384615384615 0.36987951807228914 0.057692307692307696 0.06987951807228916
0 0.6394230769230769 0.37710843373493974 0.04807692307692308 0.0746987951807229
0 0.040865384615384616 0.018072289156626505 0.07211538461538461 0.03614457831325301
0 0.2439903846153846 0.03734939759036145 0.10817307692307693 0.0746987951807229
0 0.7043269230769231 0.014457831325301205 0.09615384615384616 0.02891566265060241
