1 0.24278846153846154 0.39783653846153844 0.057692307692307696 0.06490384615384616
0 0.3605769230769231 0.40625 0.057692307692307696 0.07211538461538461
0 0.13581730769230768 0.4026442307692308 0.06490384615384616 0.07932692307692307
0 0.7415865384615384 0.39903846153846156 0.05048076923076923 0.0625
0 0.8605769230769231 0.4014423076923077 0.052884615384615384 0.057692307692307696
0 0.5108173076923077 0.38341346153846156 0.055288461538461536 0.06971153846153846
0 0.6658653846153846 0.39903846153846156 0.057692307692307696 0.0673076923076923
0 0.453125 0.39903846153846156 0.040865384615384616 0.052884615384615384
0 0.31850961538461536 0.390625 0.040865384615384616 0.05048076923076923
0 0.59375 0.3894230769230769 0.03365384615384615 0.04326923076923077
