1 0.45285714285714285 0.40987124463519314 0.05714285714285714 0.09871244635193133
1 0.9007142857142857 0.47639484978540775 0.06142857142857143 0.11587982832618025
1 0.8985714285714286 0.3648068669527897 0.04285714285714286 0.07296137339055794
1 0.865 0.3540772532188841 0.041428571428571426 0.0815450643776824
1 0.3692857142857143 0.388412017167382 0.05285714285714286 0.0944206008583691
1 0.41214285714285714 0.40665236051502146 0.03857142857142857 0.08369098712446352
1 0.6671428571428571 0.4570815450643777 0.05714285714285714 0.1072961373390558
1 0.6092857142857143 0.38197424892703863 0.047142857142857146 0.0815450643776824
1 0.5521428571428572 0.37875536480686695 0.04428571428571428 0.07939914163090128
1 0.5157142857142857 0.3165236051502146 0.045714285714285714 0.08798283261802575
1 0.7657142857142857 0.2907725321888412 0.05142857142857143 0.07510729613733906
1 0.975 0.41094420600858367 0.05 0.09656652360515021
1 0.675 0.2510729613733906 0.041428571428571426 0.06866952789699571
1 0.7414285714285714 0.3583690987124464 0.05142857142857143 0.07725321888412018
1 0.6957142857142857 0.33369098712446355 0.04857142857142857 0.08369098712446352
1 0.8464285714285714 0.43776824034334766 0.06142857142857143 0.10300429184549356
1 0.6207142857142857 0.2982832618025751 0.05285714285714286 0.08583690987124463
1 0.8257142857142857 0.30793991416309013 0.04857142857142857 0.08798283261802575
1 0.9457142857142857 0.361587982832618 0.05714285714285714 0.09227467811158799
1 0.9678571428571429 0.5042918454935622 0.055714285714285716 0.1072961373390558
1 0.815 0.3937768240343348 0.05857142857142857 0.09227467811158799
1 0.7814285714285715 0.37124463519313305 0.04285714285714286 0.07725321888412018
1 0.7978571428571428 0.5418454935622318 0.07 0.10944206008583691
1 0.7378571428571429 0.528969957081545 0.07285714285714286 0.10944206008583691
1 0.5678571428571428 0.2811158798283262 0.041428571428571426 0.07725321888412018
1 0.45785714285714285 0.3197424892703863 0.047142857142857146 0.07725321888412018
1 0.41785714285714287 0.30042918454935624 0.04428571428571428 0.07296137339055794
1 0.6342857142857142 0.4259656652360515 0.045714285714285714 0.07510729613733906
