1 0.7 0.33783783783783783 0.168 0.26126126126126126
1 0.564 0.17417417417417416 0.116 0.22822822822822822
1 0.31 0.09759759759759759 0.032 0.06306306306306306
1 0.282 0.06906906906906907 0.024 0.042042042042042045
1 0.183 0.06456456456456457 0.03 0.04504504504504504
1 0.15 0.06906906906906907 0.024 0.042042042042042045
1 0.108 0.06456456456456457 0.028 0.04504504504504504
1 0.216 0.06006006006006006 0.024 0.042042042042042045
1 0.244 0.06906906906906907 0.024 0.042042042042042045
1 0.369 0.06006006006006006 0.026 0.05405405405405406
1 0.445 0.2072072072072072 0.082 0.16816816816816818
