1 0.04447115384615385 0.636144578313253 0.036057692307692304 0.043373493975903614
1 0.4951923076923077 0.7 0.028846153846153848 0.03614457831325301
1 0.20192307692307693 0.4891566265060241 0.03365384615384615 0.03855421686746988
1 0.11057692307692307 0.4506024096385542 0.03365384615384615 0.02891566265060241
1 0.1310096153846154 0.4036144578313253 0.036057692307692304 0.04096385542168675
1 0.7427884615384616 0.336144578313253 0.028846153846153848 0.03614457831325301
1 0.9375 0.2385542168674699 0.028846153846153848 0.03855421686746988
1 0.4951923076923077 0.9698795180722891 0.028846153846153848 0.03614457831325301
1 0.7439903846153846 0.008433734939759036 0.03125 0.016867469879518072
1 0.9375 0.09397590361445783 0.028846153846153848 0.03855421686746988
