1 0.1971153846153846 0.47716346153846156 0.052884615384615384 0.06971153846153846
1 0.7932692307692307 0.4338942307692308 0.04807692307692308 0.06490384615384616
1 0.9050480769230769 0.4495192307692308 0.05048076923076923 0.0673076923076923
1 0.046875 0.5096153846153846 0.04567307692307692 0.057692307692307696
1 0.3088942307692308 0.47836538461538464 0.04567307692307692 0.052884615384615384
1 0.3449519230769231 0.46274038461538464 0.04567307692307692 0.055288461538461536
1 0.45913461538461536 0.4795673076923077 0.04326923076923077 0.05048076923076923
1 0.5733173076923077 0.45552884615384615 0.040865384615384616 0.055288461538461536
1 0.5480769230769231 0.4735576923076923 0.02403846153846154 0.038461538461538464
1 0.6838942307692307 0.4362980769230769 0.05048076923076923 0.06490384615384616
