1 0.46875 0.4072289156626506 0.057692307692307696 0.08674698795180723
1 0.8882211538461539 0.4542168674698795 0.055288461538461536 0.06987951807228916
1 0.7680288461538461 0.44819277108433736 0.055288461538461536 0.05783132530120482
0 0.6021634615384616 0.40481927710843374 0.06971153846153846 0.0963855421686747
0 0.15865384615384615 0.40843373493975904 0.08173076923076923 0.09397590361445783
0 0.34975961538461536 0.43253012048192774 0.06971153846153846 0.09397590361445783
0 0.40865384615384615 0.4469879518072289 0.04326923076923077 0.060240963855421686
0 0.21153846153846154 0.4397590361445783 0.04807692307692308 0.06987951807228916
0 0.2644230769230769 0.45180722891566266 0.038461538461538464 0.04578313253012048
0 0.5384615384615384 0.4457831325301205 0.038461538461538464 0.05301204819277108
1 0.6790865384615384 0.45180722891566266 0.05048076923076923 0.06987951807228916
