1 0.33653846153846156 0.38221153846153844 0.14903846153846154 0.1971153846153846
1 0.6298076923076923 0.3112980769230769 0.16346153846153846 0.19951923076923078
1 0.5096153846153846 0.36538461538461536 0.11538461538461539 0.15384615384615385
1 0.8485576923076923 0.26322115384615385 0.16826923076923078 0.19951923076923078
1 0.8966346153846154 0.4206730769230769 0.1971153846153846 0.4519230769230769
1 0.10576923076923077 0.36538461538461536 0.20673076923076922 0.33653846153846156
1 0.33774038461538464 0.020432692307692308 0.15144230769230768 0.040865384615384616
1 0.6310096153846154 0.056490384615384616 0.1658653846153846 0.11298076923076923
1 0.5108173076923077 0.018028846153846152 0.11778846153846154 0.036057692307692304
1 0.8497596153846154 0.08052884615384616 0.17067307692307693 0.16105769230769232
1 0.8978365384615384 0.06490384615384616 0.19951923076923078 0.12980769230769232
1 0.10697115384615384 0.06370192307692307 0.2091346153846154 0.12740384615384615
