1 0.36376953125 0.21815519765739386 0.0537109375 0.0849194729136164
1 0.60205078125 0.42313323572474376 0.0400390625 0.07320644216691069
1 0.7099609375 0.48243045387994143 0.015625 0.021961932650073207
1 0.8447265625 0.32210834553440704 0.0703125 0.09370424597364568
1 0.14453125 0.637628111273792 0.06640625 0.10395314787701318
1 0.224609375 0.4802342606149341 0.005859375 0.014641288433382138
1 0.193359375 0.49633967789165445 0.005859375 0.01171303074670571
1 0.1572265625 0.49267935578330896 0.005859375 0.013177159590043924
1 0.97705078125 0.5431918008784773 0.0068359375 0.01171303074670571
1 0.1123046875 0.33382137628111275 0.048828125 0.0849194729136164
