1 0.30985915492957744 0.45148247978436656 0.02414486921529175 0.05121293800539083
1 0.33098591549295775 0.4501347708894879 0.022132796780684104 0.04851752021563342
1 0.35311871227364183 0.4528301886792453 0.030181086519114688 0.05390835579514825
1 0.41448692152917505 0.4501347708894879 0.028169014084507043 0.05390835579514825
1 0.448692152917505 0.44339622641509435 0.028169014084507043 0.05660377358490566
1 0.5382293762575453 0.47035040431266845 0.030181086519114688 0.05121293800539083
1 0.6146881287726358 0.4339622641509434 0.030181086519114688 0.05929919137466307
1 0.6901408450704225 0.4272237196765499 0.03219315895372234 0.05660377358490566
0 0.7434607645875252 0.4420485175202156 0.03420523138832998 0.04851752021563342
0 0.806841046277666 0.4568733153638814 0.028169014084507043 0.05121293800539083
0 0.8430583501006036 0.4568733153638814 0.03219315895372234 0.05121293800539083
0 0.8963782696177063 0.4568733153638814 0.030181086519114688 0.05121293800539083
0 0.26458752515090544 0.47035040431266845 0.030181086519114688 0.04582210242587601
0 0.23843058350100604 0.4528301886792453 0.030181086519114688 0.04851752021563342
0 0.20321931589537223 0.46495956873315364 0.03219315895372234 0.05121293800539083
0 0.1790744466800805 0.44878706199460916 0.028169014084507043 0.05121293800539083
0 0.14285714285714285 0.4528301886792453 0.03621730382293763 0.05390835579514825
0 0.10462776659959759 0.4636118598382749 0.03219315895372234 0.05390835579514825
0 0.07243460764587525 0.4865229110512129 0.03219315895372234 0.05660377358490566
0 0.008048289738430584 0.45956873315363883 0.012072434607645875 0.06199460916442048
1 0.5955734406438632 0.44339622641509435 0.02414486921529175 0.05121293800539083
