0 0.11632653061224489 0.3644859813084112 0.08571428571428572 0.14953271028037382
0 0.23469387755102042 0.338006230529595 0.061224489795918366 0.102803738317757
0 0.3836734693877551 0.32710280373831774 0.061224489795918366 0.1059190031152648
0 0.43979591836734694 0.40186915887850466 0.04285714285714286 0.08099688473520249
0 0.5244897959183673 0.3862928348909657 0.024489795918367346 0.056074766355140186
0 0.5551020408163265 0.367601246105919 0.04081632653061224 0.08722741433021806
0 0.6418367346938776 0.3878504672897196 0.04693877551020408 0.09657320872274143
0 0.7785714285714286 0.37227414330218067 0.04285714285714286 0.0778816199376947
0 0.8489795918367347 0.40031152647975077 0.053061224489795916 0.102803738317757
0 0.8795918367346939 0.35202492211838005 0.044897959183673466 0.08099688473520249
