1 0.23041666666666666 0.6268472906403941 0.019166666666666665 0.03694581280788178
1 0.32625 0.48645320197044334 0.0225 0.034482758620689655
1 0.37125 0.5104679802955665 0.019166666666666665 0.0332512315270936
1 0.4583333333333333 0.541256157635468 0.021666666666666667 0.03571428571428571
1 0.46791666666666665 0.6761083743842364 0.020833333333333332 0.03694581280788178
1 0.385 0.7253694581280788 0.021666666666666667 0.034482758620689655
1 0.77625 0.562807881773399 0.019166666666666665 0.03201970443349754
1 0.7466666666666667 0.3793103448275862 0.02 0.03201970443349754
1 0.62375 0.35344827586206895 0.0225 0.034482758620689655
0 0.5733333333333334 0.34913793103448276 0.02 0.03571428571428571
1 0.8066666666666666 0.4525862068965517 0.018333333333333333 0.038177339901477834
1 0.8858333333333334 0.3626847290640394 0.02 0.0332512315270936
1 0.86125 0.2789408866995074 0.015833333333333335 0.02832512315270936
1 0.8483333333333334 0.3355911330049261 0.02 0.0332512315270936
1 0.8045833333333333 0.2789408866995074 0.019166666666666665 0.03571428571428571
1 0.7329166666666667 0.23891625615763548 0.019166666666666665 0.029556650246305417
1 0.67875 0.2019704433497537 0.0175 0.029556650246305417
1 0.6766666666666666 0.1477832512315271 0.016666666666666666 0.029556650246305417
1 0.60375 0.09667487684729065 0.015833333333333335 0.02586206896551724
1 0.4925 0.09729064039408868 0.018333333333333333 0.03201970443349754
1 0.37666666666666665 0.5960591133004927 0.018333333333333333 0.027093596059113302
1 0.9841666666666666 0.4014778325123153 0.02 0.03694581280788178
