1 0.9257332071901608 0.4640605296343001 0.01608325449385052 0.02269861286254729
1 0.8131504257332072 0.40920554854981084 0.017975402081362345 0.031525851197982346
1 0.6996215704824976 0.3379571248423707 0.019867549668874173 0.03278688524590164
1 0.7473982970671712 0.4110970996216898 0.011352885525070956 0.015132408575031526
1 0.7639545884578998 0.41424968474148804 0.010406811731315043 0.013871374527112233
1 0.16272469252601704 0.4129886506935687 0.015137180700094607 0.01639344262295082
1 0.22421948912015138 0.46027742749054223 0.020813623462630087 0.027742749054224466
1 0.2861873226111637 0.40920554854981084 0.006622516556291391 0.011349306431273645
1 0.18306527909176915 0.4180327868852459 0.014191106906338695 0.01639344262295082
1 0.43330179754020814 0.5176544766708702 0.013245033112582781 0.018915510718789406
1 0.4545884578997162 0.5308953341740227 0.01229895931882687 0.0201765447667087
1 0.5089877010406811 0.5163934426229508 0.011352885525070956 0.01639344262295082
1 0.5288552507095553 0.39659520807061793 0.005676442762535478 0.011349306431273645
1 0.5875118259224219 0.3953341740226986 0.007568590350047304 0.011349306431273645
1 0.34531693472090824 0.5075662042875158 0.015137180700094607 0.018915510718789406
