1 0.115625 0.42291666666666666 0.04375 0.07083333333333333
1 0.19296875 0.440625 0.0390625 0.06458333333333334
1 0.26484375 0.43645833333333334 0.0359375 0.06041666666666667
1 0.3328125 0.4270833333333333 0.034375 0.058333333333333334
1 0.4 0.42291666666666666 0.034375 0.058333333333333334
1 0.465625 0.43333333333333335 0.034375 0.05416666666666667
1 0.52890625 0.409375 0.0296875 0.05625
1 0.59140625 0.42604166666666665 0.0296875 0.052083333333333336
1 0.653125 0.421875 0.028125 0.052083333333333336
1 0.73125 0.42291666666666666 0.03125 0.058333333333333334
1 0.79921875 0.43645833333333334 0.0390625 0.05625
1 0.8734375 0.428125 0.0375 0.06458333333333334
