1 0.175 0.3888888888888889 0.054 0.09309309309309309
1 0.317 0.3993993993993994 0.046 0.09009009009009009
1 0.448 0.3663663663663664 0.048 0.0960960960960961
1 0.52 0.3663663663663664 0.04 0.07807807807807808
1 0.549 0.3843843843843844 0.042 0.08408408408408409
1 0.649 0.32432432432432434 0.054 0.10810810810810811
1 0.794 0.3153153153153153 0.04 0.09009009009009009
0 0.853 0.3033033033033033 0.058 0.10810810810810811
0 0.977 0.3813813813813814 0.046 0.13213213213213212
0 0.747 0.36486486486486486 0.062 0.0990990990990991
0 0.594 0.36936936936936937 0.044 0.08408408408408409
