0 0.73779296875 0.18322147651006712 0.0751953125 0.1221476510067114
0 0.8076171875 0.19463087248322147 0.05859375 0.10469798657718121
0 0.677734375 0.19395973154362417 0.041015625 0.06577181208053691
0 0.59326171875 0.15033557046979865 0.0576171875 0.09932885906040269
0 0.4951171875 0.1691275167785235 0.076171875 0.12885906040268458
0 0.32568359375 0.17516778523489934 0.1044921875 0.17852348993288591
0 0.2666015625 0.18859060402684563 0.03515625 0.07651006711409396
0 0.208984375 0.21073825503355706 0.037109375 0.06442953020134229
0 0.13525390625 0.21140939597315436 0.0869140625 0.12483221476510067
0 0.03759765625 0.2442953020134228 0.0341796875 0.05906040268456376
1 0.38037109375 0.2342281879194631 0.0244140625 0.04429530201342282
1 0.39404296875 0.22550335570469798 0.0205078125 0.042953020134228186
0 0.41943359375 0.24295302013422818 0.0263671875 0.04563758389261745
1 0.85205078125 0.17785234899328858 0.0498046875 0.08456375838926175
