0 0.2824519230769231 0.4963942307692308 0.055288461538461536 0.06490384615384616
0 0.8449519230769231 0.4831730769230769 0.05048076923076923 0.07211538461538461
0 0.6887019230769231 0.4639423076923077 0.04567307692307692 0.057692307692307696
0 0.1346153846153846 0.47475961538461536 0.052884615384615384 0.06971153846153846
0 0.0829326923076923 0.4723557692307692 0.026442307692307692 0.03125
0 0.20072115384615385 0.48197115384615385 0.03125 0.036057692307692304
0 0.35096153846153844 0.46634615384615385 0.038461538461538464 0.038461538461538464
0 0.46875 0.47475961538461536 0.04807692307692308 0.055288461538461536
0 0.6189903846153846 0.46875 0.04567307692307692 0.04807692307692308
0 0.7896634615384616 0.48197115384615385 0.040865384615384616 0.04567307692307692
0 0.5769230769230769 0.4831730769230769 0.028846153846153848 0.03365384615384615
