1 0.8365384615384616 0.38461538461538464 0.07211538461538461 0.08173076923076923
1 0.33533653846153844 0.3798076923076923 0.06971153846153846 0.08173076923076923
1 0.453125 0.3798076923076923 0.07932692307692307 0.09134615384615384
1 0.6694711538461539 0.3954326923076923 0.055288461538461536 0.06490384615384616
1 0.12139423076923077 0.39302884615384615 0.04567307692307692 0.05048076923076923
0 0.1971153846153846 0.390625 0.0673076923076923 0.07451923076923077
1 0.5132211538461539 0.39783653846153844 0.036057692307692304 0.05048076923076923
1 0.6298076923076923 0.39302884615384615 0.028846153846153848 0.05048076923076923
1 0.6021634615384616 0.39783653846153844 0.03125 0.040865384615384616
1 0.2920673076923077 0.40865384615384615 0.040865384615384616 0.052884615384615384
