1 0.8149038461538461 0.46153846153846156 0.04807692307692308 0.0673076923076923
1 0.578125 0.4411057692307692 0.04567307692307692 0.06971153846153846
0 0.9326923076923077 0.4699519230769231 0.09615384615384616 0.12259615384615384
0 0.2848557692307692 0.4675480769230769 0.05048076923076923 0.06971153846153846
0 0.48197115384615385 0.46634615384615385 0.055288461538461536 0.0673076923076923
0 0.3449519230769231 0.46875 0.03125 0.038461538461538464
0 0.07572115384615384 0.48677884615384615 0.055288461538461536 0.055288461538461536
1 0.1778846153846154 0.47716346153846156 0.038461538461538464 0.040865384615384616
1 0.6430288461538461 0.46274038461538464 0.026442307692307692 0.04567307692307692
1 0.6670673076923077 0.4651442307692308 0.026442307692307692 0.040865384615384616
1 0.6189903846153846 0.46274038461538464 0.021634615384615384 0.040865384615384616
0 0.5324519230769231 0.4651442307692308 0.021634615384615384 0.04567307692307692
0 0.4387019230769231 0.4579326923076923 0.03125 0.036057692307692304
0 0.3870192307692308 0.47836538461538464 0.028846153846153848 0.03365384615384615
