1 0.96328125 0.3758782201405152 0.0734375 0.18032786885245902
1 0.8375 0.4847775175644028 0.04375 0.08430913348946135
1 0.78125 0.4707259953161593 0.05625 0.10304449648711944
1 0.75234375 0.4238875878220141 0.0421875 0.07494145199063232
1 0.6109375 0.44730679156908665 0.05625 0.09836065573770492
1 0.6453125 0.45784543325526933 0.028125 0.08196721311475409
1 0.50078125 0.42271662763466045 0.0421875 0.07259953161592506
1 0.43984375 0.42857142857142855 0.0640625 0.12177985948477751
1 0.39296875 0.43208430913348944 0.0359375 0.07259953161592506
1 0.30390625 0.4379391100702576 0.0328125 0.06557377049180328
1 0.2796875 0.41569086651053866 0.0375 0.08665105386416862
1 0.19375 0.4414519906323185 0.034375 0.06791569086651054
1 0.1046875 0.43911007025761123 0.034375 0.06791569086651054
1 0.0703125 0.45550351288056207 0.028125 0.04918032786885246
1 0.01328125 0.4566744730679157 0.0234375 0.06557377049180328
1 0.034375 0.4426229508196721 0.025 0.0468384074941452
0 0.22421875 0.41451990632318503 0.0296875 0.05152224824355972
