0 0.065 0.32375 0.02666666666666667 0.0575
0 0.17833333333333334 0.3425 0.04 0.075
0 0.3983333333333333 0.34875 0.02666666666666667 0.0525
0 0.42083333333333334 0.32625 0.03166666666666667 0.0675
0 0.5708333333333333 0.35125 0.035 0.0675
0 0.69 0.36875 0.03333333333333333 0.0675
0 0.7125 0.3775 0.018333333333333333 0.035
0 0.7591666666666667 0.38875 0.025 0.0475
0 0.8833333333333333 0.37375 0.03666666666666667 0.0625
0 0.9191666666666667 0.4 0.03166666666666667 0.055
1 0.8533333333333334 0.40125 0.016666666666666666 0.0325
1 0.30916666666666665 0.32 0.03833333333333333 0.075
1 0.465 0.35 0.02666666666666667 0.05
1 0.5483333333333333 0.365 0.02 0.05
