1 0.32083333333333336 0.4234375 0.06666666666666667 0.065625
1 0.24375 0.4421875 0.029166666666666667 0.021875
1 0.21041666666666667 0.4265625 0.029166666666666667 0.028125
1 0.18125 0.4265625 0.029166666666666667 0.028125
1 0.10833333333333334 0.440625 0.03333333333333333 0.0375
1 0.075 0.4328125 0.03333333333333333 0.034375
1 0.3625 0.43125 0.025 0.025
1 0.39375 0.4359375 0.029166666666666667 0.028125
1 0.42916666666666664 0.425 0.041666666666666664 0.0375
1 0.5958333333333333 0.415625 0.041666666666666664 0.0375
1 0.6666666666666666 0.41875 0.058333333333333334 0.05625
1 0.7479166666666667 0.4171875 0.0375 0.034375
1 0.9770833333333333 0.4125 0.04583333333333333 0.05
