1 0.15 0.363237139272271 0.04833333333333333 0.07904642409033877
1 0.45625 0.33500627352572143 0.029166666666666667 0.06273525721455459
1 0.5045833333333334 0.35633626097867 0.0275 0.060225846925972396
1 0.52125 0.3212045169385194 0.034166666666666665 0.07277289836888332
1 0.5579166666666666 0.328732747804266 0.0375 0.06775407779171895
1 0.5975 0.33877038895859474 0.041666666666666664 0.08281053952321205
1 0.65 0.28544542032622333 0.043333333333333335 0.09159347553324969
1 0.6904166666666667 0.29673776662484314 0.04583333333333333 0.10414052697616061
1 0.7325 0.280426599749059 0.051666666666666666 0.10163111668757842
1 0.82 0.2860727728983689 0.04666666666666667 0.07528230865746549
1 0.8345833333333333 0.33751568381430364 0.0725 0.11041405269761606
1 0.6270833333333333 0.3368883312421581 0.0275 0.05897114178168131
1 0.42875 0.32559598494353825 0.024166666666666666 0.05144291091593475
1 0.3825 0.33061480552070266 0.023333333333333334 0.053952321204516936
