1 0.029296875 0.3949652777777778 0.056640625 0.1996527777777778
1 0.12890625 0.3828125 0.07421875 0.15104166666666666
1 0.1953125 0.4453125 0.060546875 0.13020833333333334
1 0.31494140625 0.4036458333333333 0.0537109375 0.1267361111111111
1 0.4697265625 0.4166666666666667 0.041015625 0.09375
1 0.5244140625 0.4262152777777778 0.037109375 0.0920138888888889
1 0.6689453125 0.4201388888888889 0.037109375 0.09722222222222222
1 0.70263671875 0.4383680555555556 0.0576171875 0.10243055555555555
1 0.845703125 0.4791666666666667 0.056640625 0.11458333333333333
1 0.58447265625 0.4505208333333333 0.0361328125 0.08506944444444445
