1 0.017045454545454544 0.5862470862470862 0.032342657342657344 0.0979020979020979
1 0.06337412587412587 0.5582750582750583 0.04283216783216783 0.06993006993006994
1 0.14248251748251747 0.5856643356643356 0.057692307692307696 0.10139860139860139
1 0.18138111888111888 0.5967365967365967 0.028846153846153848 0.04428904428904429
1 0.27972027972027974 0.5804195804195804 0.06468531468531469 0.09324009324009325
1 0.32736013986013984 0.585081585081585 0.032342657342657344 0.05827505827505827
1 0.458041958041958 0.5775058275058275 0.06118881118881119 0.10839160839160839
1 0.548513986013986 0.5984848484848485 0.03409090909090909 0.054778554778554776
1 0.6027097902097902 0.6182983682983683 0.03583916083916084 0.05944055944055944
1 0.6555944055944056 0.6019813519813519 0.06643356643356643 0.10839160839160839
1 0.7115384615384616 0.5979020979020979 0.04895104895104895 0.08624708624708624
1 0.7574300699300699 0.6089743589743589 0.03583916083916084 0.054778554778554776
1 0.7622377622377622 0.5611888111888111 0.026223776223776224 0.038461538461538464
1 0.8159965034965035 0.5763403263403264 0.025349650349650348 0.04312354312354312
1 0.8439685314685315 0.6043123543123543 0.051573426573426576 0.08041958041958042
1 0.9086538461538461 0.5722610722610723 0.032342657342657344 0.046620046620046623
1 0.8321678321678322 0.5221445221445221 0.022727272727272728 0.030303030303030304
