1 0.5696875 0.6560449859418932 0.063125 0.13120899718837864
1 0.4584375 0.676194939081537 0.011875 0.02155576382380506
1 0.4428125 0.669165885660731 0.009375 0.01874414245548266
1 0.408125 0.6616682286785379 0.00875 0.01499531396438613
1 0.3784375 0.669165885660731 0.009375 0.020618556701030927
1 0.36375 0.6551077788191191 0.0075 0.013120899718837863
1 0.3528125 0.6630740393626992 0.008125 0.015932521087160263
1 0.344375 0.6635426429240863 0.00875 0.016869728209934397
1 0.32875 0.6668228678537957 0.00875 0.014058106841611996
1 0.2853125 0.6635426429240863 0.008125 0.016869728209934397
1 0.468125 0.6373008434864105 0.0075 0.013120899718837863
1 0.4878125 0.6396438612933458 0.006875 0.01218369259606373
1 0.4 0.6808809746954076 0.01125 0.019681349578256794
1 0.365 0.6776007497656982 0.01125 0.020618556701030927
1 0.3315625 0.6818181818181818 0.011875 0.019681349578256794
1 0.293125 0.6743205248359887 0.01 0.01780693533270853
1 0.4025 0.6358950328022493 0.00625 0.01218369259606373
1 0.4290625 0.6326148078725399 0.006875 0.011246485473289597
1 0.4303125 0.6607310215557638 0.009375 0.01499531396438613
1 0.391875 0.6565135895032802 0.0075 0.014058106841611996
0 0.4934375 0.6794751640112465 0.018125 0.041237113402061855
0 0.4465625 0.6330834114339269 0.005625 0.010309278350515464
0 0.456875 0.6363636363636364 0.00625 0.011246485473289597
0 0.2390625 0.6921274601686973 0.013125 0.02530459231490159
1 0.2140625 0.6986879100281163 0.029375 0.05529522024367385
1 0.1471875 0.6869728209934396 0.028125 0.05435801312089972
1 0.1215625 0.7094657919400188 0.034375 0.06747891283973759
