1 0.368408203125 0.37168141592920356 0.07373046875 0.14454277286135694
1 0.253662109375 0.3440265486725664 0.07275390625 0.13348082595870206
1 0.175537109375 0.7533185840707964 0.10400390625 0.17772861356932154
1 0.013427734375 0.45095870206489674 0.02490234375 0.12020648967551623
1 0.097412109375 0.7039085545722714 0.08251953125 0.14380530973451328
1 0.509521484375 0.3421828908554572 0.09619140625 0.17256637168141592
0 0.45654296875 0.3473451327433628 0.0400390625 0.07964601769911504
0 0.556396484375 0.37352507374631266 0.05517578125 0.12463126843657817
0 0.68310546875 0.3554572271386431 0.0498046875 0.12684365781710916
0 0.73583984375 0.34292035398230086 0.080078125 0.1430678466076696
0 0.953857421875 0.551622418879056 0.08642578125 0.1607669616519174
