1 0.14182692307692307 0.41566265060240964 0.11538461538461539 0.14216867469879518
1 0.7427884615384616 0.42891566265060244 0.0673076923076923 0.08674698795180723
1 0.4735576923076923 0.4433734939759036 0.09134615384615384 0.09156626506024096
1 0.6237980769230769 0.43614457831325304 0.07451923076923077 0.10120481927710843
1 0.8401442307692307 0.4506024096385542 0.05048076923076923 0.06746987951807229
1 0.2800480769230769 0.43132530120481927 0.05048076923076923 0.0963855421686747
1 0.35216346153846156 0.42771084337349397 0.06971153846153846 0.09879518072289156
1 0.9158653846153846 0.4578313253012048 0.09615384615384616 0.1108433734939759
1 0.43028846153846156 0.4614457831325301 0.04326923076923077 0.0746987951807229
1 0.8665865384615384 0.4674698795180723 0.055288461538461536 0.07710843373493977
1 0.703125 0.4686746987951807 0.055288461538461536 0.05542168674698795
1 0.14302884615384615 0.04819277108433735 0.11778846153846154 0.0963855421686747
1 0.7439903846153846 0.027710843373493974 0.06971153846153846 0.05542168674698795
1 0.47475961538461536 0.021686746987951807 0.09375 0.043373493975903614
1 0.6225961538461539 0.027710843373493974 0.07692307692307693 0.05542168674698795
1 0.8389423076923077 0.012048192771084338 0.052884615384615384 0.024096385542168676
1 0.27884615384615385 0.02891566265060241 0.052884615384615384 0.05783132530120482
1 0.35096153846153844 0.03132530120481928 0.07211538461538461 0.06265060240963856
1 0.9170673076923077 0.01927710843373494 0.0985576923076923 0.03855421686746988
1 0.43149038461538464 0.008433734939759036 0.04567307692307692 0.016867469879518072
