0 0.11778846153846154 0.40481927710843374 0.038461538461538464 0.05301204819277108
0 0.25600961538461536 0.3855421686746988 0.04567307692307692 0.05783132530120482
0 0.07091346153846154 0.41686746987951806 0.036057692307692304 0.03855421686746988
0 0.15865384615384615 0.38433734939759034 0.038461538461538464 0.05542168674698795
0 0.3245192307692308 0.37710843373493974 0.028846153846153848 0.03614457831325301
0 0.35216346153846156 0.3927710843373494 0.04567307692307692 0.04819277108433735
0 0.421875 0.39156626506024095 0.04567307692307692 0.05542168674698795
0 0.53125 0.39759036144578314 0.038461538461538464 0.04819277108433735
0 0.5625 0.3819277108433735 0.03365384615384615 0.05060240963855422
0 0.5973557692307693 0.3963855421686747 0.04567307692307692 0.05060240963855422
0 0.7451923076923077 0.39397590361445783 0.03365384615384615 0.04578313253012048
0 0.7271634615384616 0.37349397590361444 0.026442307692307692 0.04819277108433735
0 0.8786057692307693 0.3795180722891566 0.036057692307692304 0.04578313253012048
0 0.9831730769230769 0.3710843373493976 0.02403846153846154 0.06265060240963856
