1 0.09218436873747494 0.20481927710843373 0.04809619238476954 0.10240963855421686
1 0.1933867735470942 0.14909638554216867 0.05410821643286573 0.11144578313253012
1 0.29458917835671344 0.14457831325301204 0.04809619238476954 0.10240963855421686
1 0.4088176352705411 0.10993975903614457 0.052104208416833664 0.11144578313253012
1 0.5240480961923848 0.09789156626506024 0.04208416833667335 0.10542168674698796
1 0.6623246492985972 0.12198795180722892 0.050100200400801605 0.10542168674698796
1 0.782565130260521 0.1460843373493976 0.050100200400801605 0.11144578313253012
1 0.9158316633266533 0.17921686746987953 0.04408817635270541 0.09939759036144578
1 0.3527054108216433 0.3810240963855422 0.052104208416833664 0.11746987951807229
1 0.5100200400801603 0.36596385542168675 0.050100200400801605 0.10542168674698796
1 0.6703406813627254 0.42018072289156627 0.05811623246492986 0.11746987951807229
1 0.8196392785571143 0.38403614457831325 0.06012024048096192 0.12951807228915663
1 0.969939879759519 0.4578313253012048 0.06012024048096192 0.12650602409638553
1 0.0781563126252505 0.3855421686746988 0.06813627254509018 0.12048192771084337
1 0.21442885771543085 0.36596385542168675 0.06412825651302605 0.11144578313253012
