0 0.7836538461538461 0.5600961538461539 0.04326923076923077 0.057692307692307696
0 0.04447115384615385 0.5240384615384616 0.040865384615384616 0.057692307692307696
0 0.12620192307692307 0.5336538461538461 0.036057692307692304 0.052884615384615384
0 0.22115384615384615 0.5360576923076923 0.038461538461538464 0.052884615384615384
0 0.28365384615384615 0.53125 0.03365384615384615 0.04807692307692308
0 0.4338942307692308 0.5324519230769231 0.036057692307692304 0.05048076923076923
0 0.5192307692307693 0.5372596153846154 0.038461538461538464 0.05048076923076923
0 0.6141826923076923 0.5372596153846154 0.04567307692307692 0.05048076923076923
0 0.6911057692307693 0.5721153846153846 0.04567307692307692 0.04807692307692308
0 0.7475961538461539 0.5288461538461539 0.04326923076923077 0.052884615384615384
