1 0.3138095238095238 0.42950581395348836 0.12095238095238095 0.23401162790697674
1 0.7490476190476191 0.20857558139534885 0.1419047619047619 0.23401162790697674
1 0.42904761904761907 0.11918604651162791 0.023809523809523808 0.0377906976744186
1 0.07095238095238095 0.279796511627907 0.012380952380952381 0.024709302325581394
1 0.04047619047619048 0.26380813953488375 0.010476190476190476 0.02180232558139535
1 0.04476190476190476 0.32848837209302323 0.01904761904761905 0.029069767441860465
1 0.06142857142857143 0.2688953488372093 0.010476190476190476 0.020348837209302327
1 0.12476190476190477 0.24273255813953487 0.02095238095238095 0.03488372093023256
1 0.2261904761904762 0.20348837209302326 0.025714285714285714 0.046511627906976744
1 0.1819047619047619 0.22165697674418605 0.009523809523809525 0.015988372093023256
