1 0.6117788461538461 0.4170673076923077 0.16105769230769232 0.17067307692307693
1 0.15384615384615385 0.3485576923076923 0.038461538461538464 0.04807692307692308
1 0.2704326923076923 0.3425480769230769 0.04567307692307692 0.040865384615384616
1 0.5096153846153846 0.2848557692307692 0.052884615384615384 0.07932692307692307
1 0.8930288461538461 0.44711538461538464 0.036057692307692304 0.038461538461538464
1 0.5841346153846154 0.3125 0.052884615384615384 0.038461538461538464
1 0.15504807692307693 0.004807692307692308 0.040865384615384616 0.009615384615384616
1 0.2692307692307692 0.006009615384615385 0.04807692307692308 0.01201923076923077
1 0.5096153846153846 0.04927884615384615 0.052884615384615384 0.07932692307692307
1 0.5841346153846154 0.019230769230769232 0.052884615384615384 0.038461538461538464
