1 0.8556451612903225 0.07464788732394366 0.04032258064516129 0.09295774647887324
1 0.8137096774193548 0.1267605633802817 0.024193548387096774 0.05070422535211268
1 0.775 0.11408450704225352 0.0467741935483871 0.07042253521126761
1 0.7161290322580646 0.12535211267605634 0.01935483870967742 0.04225352112676056
1 0.5870967741935483 0.14225352112676057 0.035483870967741936 0.0647887323943662
1 0.5516129032258065 0.14225352112676057 0.02903225806451613 0.05352112676056338
0 0.49838709677419357 0.11830985915492957 0.03225806451612903 0.056338028169014086
1 0.45483870967741935 0.14929577464788732 0.025806451612903226 0.04507042253521127
1 0.36451612903225805 0.12535211267605634 0.02903225806451613 0.05352112676056338
1 0.6701612903225806 0.11830985915492957 0.04032258064516129 0.07323943661971831
