1 0.030048076923076924 0.19110576923076922 0.055288461538461536 0.0985576923076923
1 0.1778846153846154 0.24278846153846154 0.07692307692307693 0.11057692307692307
1 0.2536057692307692 0.19951923076923078 0.0985576923076923 0.13942307692307693
1 0.32091346153846156 0.21514423076923078 0.04567307692307692 0.055288461538461536
1 0.4170673076923077 0.203125 0.03125 0.04567307692307692
1 0.4639423076923077 0.22235576923076922 0.0625 0.0985576923076923
1 0.5060096153846154 0.20552884615384615 0.040865384615384616 0.06490384615384616
1 0.6778846153846154 0.2283653846153846 0.08173076923076923 0.10576923076923077
1 0.8521634615384616 0.1971153846153846 0.19951923076923078 0.2644230769230769
1 0.953125 0.24278846153846154 0.07451923076923077 0.11057692307692307
1 0.8509615384615384 0.026442307692307692 0.20192307692307693 0.052884615384615384
