1 0.25180722891566265 0.3473557692307692 0.10361445783132531 0.12259615384615384
1 0.3542168674698795 0.40865384615384615 0.05783132530120482 0.07692307692307693
1 0.43132530120481927 0.4182692307692308 0.06265060240963856 0.09615384615384616
1 0.6289156626506024 0.3954326923076923 0.06746987951807229 0.09375
1 0.7289156626506024 0.46033653846153844 0.05060240963855422 0.08413461538461539
1 0.8012048192771084 0.4074519230769231 0.04578313253012048 0.10336538461538461
1 0.10240963855421686 0.3473557692307692 0.10361445783132531 0.12259615384615384
1 0.014457831325301205 0.4098557692307692 0.02891566265060241 0.07932692307692307
1 0.9240963855421687 0.46033653846153844 0.05060240963855422 0.08413461538461539
1 0.8518072289156626 0.4074519230769231 0.04578313253012048 0.10336538461538461
