0 0.41947115384615385 0.38461538461538464 0.06009615384615385 0.08173076923076923
0 0.0829326923076923 0.32211538461538464 0.16105769230769232 0.20673076923076922
0 0.21754807692307693 0.32572115384615385 0.10817307692307693 0.10817307692307693
0 0.5084134615384616 0.38100961538461536 0.06490384615384616 0.07932692307692307
0 0.6117788461538461 0.36177884615384615 0.06971153846153846 0.09375
0 0.734375 0.34975961538461536 0.08413461538461539 0.10817307692307693
0 0.8533653846153846 0.3605769230769231 0.11538461538461539 0.12980769230769232
0 0.8004807692307693 0.34375 0.04807692307692308 0.09134615384615384
0 0.41947115384615385 0.052884615384615384 0.06009615384615385 0.08173076923076923
0 0.0829326923076923 0.11538461538461539 0.16105769230769232 0.20673076923076922
0 0.21754807692307693 0.1141826923076923 0.10817307692307693 0.10817307692307693
0 0.5084134615384616 0.05889423076923077 0.06490384615384616 0.07932692307692307
0 0.6117788461538461 0.078125 0.06971153846153846 0.09375
0 0.734375 0.09014423076923077 0.08413461538461539 0.10817307692307693
0 0.8533653846153846 0.07692307692307693 0.11538461538461539 0.12980769230769232
0 0.8004807692307693 0.09375 0.04807692307692308 0.09134615384615384
