1 0.8810096153846154 0.34134615384615385 0.15144230769230768 0.18269230769230768
1 0.6466346153846154 0.33413461538461536 0.12980769230769232 0.18269230769230768
1 0.4170673076923077 0.38341346153846156 0.06490384615384616 0.0985576923076923
1 0.18509615384615385 0.32211538461538464 0.14423076923076922 0.19230769230769232
1 0.5048076923076923 0.3954326923076923 0.09134615384615384 0.12259615384615384
1 0.2800480769230769 0.3605769230769231 0.0889423076923077 0.15384615384615385
1 0.33413461538461536 0.39783653846153844 0.07692307692307693 0.11778846153846154
1 0.8798076923076923 0.0733173076923077 0.15384615384615385 0.1466346153846154
1 0.6478365384615384 0.07692307692307693 0.13221153846153846 0.15384615384615385
1 0.41586538461538464 0.03125 0.0673076923076923 0.0625
1 0.18629807692307693 0.08533653846153846 0.1466346153846154 0.17067307692307693
1 0.5060096153846154 0.03125 0.09375 0.0625
1 0.27884615384615385 0.056490384615384616 0.09134615384615384 0.11298076923076923
1 0.33533653846153844 0.028846153846153848 0.07932692307692307 0.057692307692307696
