1 0.089375 0.3424015009380863 0.025 0.04127579737335835
1 0.1628125 0.3597560975609756 0.021875 0.038461538461538464
1 0.3515625 0.4197936210131332 0.023125 0.036585365853658534
1 0.4053125 0.44652908067542213 0.021875 0.0375234521575985
1 0.4959375 0.45825515947467166 0.023125 0.03095684803001876
1 0.5275 0.4441838649155722 0.02 0.036585365853658534
1 0.8565625 0.4554409005628518 0.019375 0.038461538461538464
1 0.65875 0.45121951219512196 0.0175 0.03377110694183865
1 0.6184375 0.45590994371482174 0.023125 0.03189493433395872
1 0.5715625 0.45121951219512196 0.021875 0.03564727954971857
