1 0.12890625 0.3942307692307692 0.0765625 0.12980769230769232
1 0.21015625 0.3894230769230769 0.0515625 0.09615384615384616
1 0.42578125 0.45072115384615385 0.0453125 0.08413461538461539
1 0.5171875 0.4182692307692308 0.05625 0.09615384615384616
1 0.58828125 0.44471153846153844 0.0390625 0.08173076923076923
1 0.6234375 0.4266826923076923 0.05 0.10336538461538461
1 0.6640625 0.44591346153846156 0.046875 0.07932692307692307
1 0.7296875 0.4206730769230769 0.059375 0.11538461538461539
1 0.771875 0.4495192307692308 0.046875 0.08173076923076923
1 0.8453125 0.45913461538461536 0.059375 0.10096153846153846
1 0.96484375 0.5180288461538461 0.0578125 0.10336538461538461
