1 0.08052884615384616 0.653012048192771 0.12259615384615384 0.12530120481927712
1 0.43028846153846156 0.6168674698795181 0.09615384615384616 0.10602409638554217
1 0.20072115384615385 0.3614457831325301 0.040865384615384616 0.03855421686746988
1 0.4206730769230769 0.5036144578313253 0.04807692307692308 0.043373493975903614
1 0.5300480769230769 0.39879518072289155 0.04567307692307692 0.04578313253012048
1 0.4519230769230769 0.39036144578313253 0.038461538461538464 0.033734939759036145
1 0.15384615384615385 0.3337349397590361 0.038461538461538464 0.03132530120481928
1 0.18629807692307693 0.3108433734939759 0.026442307692307692 0.033734939759036145
1 0.5661057692307693 0.39036144578313253 0.03125 0.033734939759036145
1 0.015625 0.2469879518072289 0.026442307692307692 0.05542168674698795
1 0.17067307692307693 0.22409638554216868 0.028846153846153848 0.024096385542168676
1 0.5276442307692307 0.3301204819277108 0.026442307692307692 0.024096385542168676
1 0.6177884615384616 0.40602409638554215 0.038461538461538464 0.04096385542168675
1 0.7716346153846154 0.40843373493975904 0.057692307692307696 0.05542168674698795
1 0.007211538461538462 0.363855421686747 0.009615384615384616 0.05783132530120482
1 0.07932692307692307 0.9710843373493976 0.125 0.05301204819277108
1 0.15504807692307693 0.01325301204819277 0.040865384615384616 0.02650602409638554
1 0.18629807692307693 0.03132530120481928 0.026442307692307692 0.033734939759036145
1 0.015625 0.09759036144578313 0.026442307692307692 0.05542168674698795
1 0.17067307692307693 0.1180722891566265 0.028846153846153848 0.024096385542168676
1 0.5276442307692307 0.012048192771084338 0.026442307692307692 0.024096385542168676
1 0.008413461538461538 0.004819277108433735 0.01201923076923077 0.00963855421686747
