1 0.2644230769230769 0.36899038461538464 0.07211538461538461 0.0985576923076923
0 0.6153846153846154 0.3954326923076923 0.0673076923076923 0.0889423076923077
0 0.90625 0.3954326923076923 0.0673076923076923 0.09375
0 0.8245192307692307 0.39302884615384615 0.09134615384615384 0.10817307692307693
0 0.5480769230769231 0.4338942307692308 0.0625 0.07451923076923077
0 0.20072115384615385 0.3942307692307692 0.05048076923076923 0.0673076923076923
0 0.3161057692307692 0.4170673076923077 0.04567307692307692 0.06490384615384616
0 0.37259615384615385 0.4266826923076923 0.03365384615384615 0.04567307692307692
0 0.4170673076923077 0.4411057692307692 0.03125 0.04567307692307692
0 0.4543269230769231 0.43149038461538464 0.03365384615384615 0.040865384615384616
0 0.7127403846153846 0.4326923076923077 0.040865384615384616 0.057692307692307696
