1 0.04807692307692308 0.4614457831325301 0.028846153846153848 0.02650602409638554
0 0.1814903846153846 0.44216867469879517 0.0889423076923077 0.09879518072289156
0 0.11899038461538461 0.4493975903614458 0.03125 0.03614457831325301
0 0.38822115384615385 0.43493975903614457 0.055288461538461536 0.05542168674698795
0 0.45072115384615385 0.42891566265060244 0.055288461538461536 0.05783132530120482
0 0.5228365384615384 0.43734939759036146 0.036057692307692304 0.04578313253012048
0 0.5576923076923077 0.44457831325301206 0.03365384615384615 0.04096385542168675
0 0.6213942307692307 0.43734939759036146 0.026442307692307692 0.03132530120481928
0 0.6862980769230769 0.44096385542168676 0.040865384615384616 0.043373493975903614
0 0.7548076923076923 0.43373493975903615 0.038461538461538464 0.043373493975903614
0 0.8221153846153846 0.42650602409638555 0.038461538461538464 0.03855421686746988
0 0.8677884615384616 0.42771084337349397 0.02403846153846154 0.03614457831325301
0 0.9158653846153846 0.42289156626506025 0.038461538461538464 0.04578313253012048
0 0.9771634615384616 0.42289156626506025 0.021634615384615384 0.03132530120481928
