1 0.945 0.5025 0.05 0.095
1 0.8866666666666667 0.49125 0.04666666666666667 0.0875
1 0.8466666666666667 0.48125 0.05333333333333334 0.0925
1 0.6125 0.48375 0.045 0.0825
1 0.51 0.495 0.05333333333333334 0.09
1 0.38 0.465 0.03666666666666667 0.075
1 0.3525 0.47 0.028333333333333332 0.06
1 0.315 0.48625 0.05 0.0875
1 0.2175 0.44125 0.03833333333333333 0.0875
1 0.19 0.46625 0.03333333333333333 0.0575
1 0.115 0.4675 0.05 0.09
1 0.059166666666666666 0.43125 0.041666666666666664 0.0775
1 0.42916666666666664 0.47375 0.045 0.0875
1 0.4766666666666667 0.4825 0.03666666666666667 0.075
1 0.5791666666666667 0.47 0.035 0.065
1 0.03 0.485 0.04666666666666667 0.085
1 0.25583333333333336 0.4575 0.03833333333333333 0.09
