1 0.8641826923076923 0.5733173076923077 0.08413461538461539 0.06971153846153846
1 0.24278846153846154 0.7019230769230769 0.08173076923076923 0.07692307692307693
1 0.40384615384615385 0.7199519230769231 0.08653846153846154 0.09375
1 0.7668269230769231 0.5576923076923077 0.09615384615384616 0.08173076923076923
0 0.7283653846153846 0.6334134615384616 0.08653846153846154 0.06971153846153846
0 0.859375 0.6490384615384616 0.07932692307692307 0.0625
1 0.24278846153846154 0.9254807692307693 0.08173076923076923 0.07692307692307693
1 0.40384615384615385 0.9098557692307693 0.08653846153846154 0.09375
0 0.7295673076923077 0.9783653846153846 0.0889423076923077 0.038461538461538464
0 0.8581730769230769 0.9723557692307693 0.08173076923076923 0.05048076923076923
