1 0.7067307692307693 0.5542168674698795 0.07211538461538461 0.07710843373493977
1 0.6069711538461539 0.5253012048192771 0.06009615384615385 0.07228915662650602
1 0.47836538461538464 0.4867469879518072 0.04807692307692308 0.06265060240963856
1 0.27163461538461536 0.3397590361445783 0.03365384615384615 0.03855421686746988
1 0.4182692307692308 0.36987951807228914 0.038461538461538464 0.05060240963855422
1 0.5 0.3783132530120482 0.04326923076923077 0.043373493975903614
1 0.5757211538461539 0.37710843373493974 0.040865384615384616 0.04096385542168675
1 0.8545673076923077 0.4542168674698795 0.04567307692307692 0.05542168674698795
1 0.7824519230769231 0.43493975903614457 0.04567307692307692 0.04578313253012048
1 0.7475961538461539 0.41807228915662653 0.038461538461538464 0.04578313253012048
1 0.49399038461538464 0.3433734939759036 0.040865384615384616 0.04578313253012048
1 0.3557692307692308 0.3493975903614458 0.03365384615384615 0.033734939759036145
1 0.625 0.3819277108433735 0.038461538461538464 0.04578313253012048
1 0.6538461538461539 0.38433734939759034 0.03365384615384615 0.04096385542168675
1 0.5913461538461539 0.3493975903614458 0.038461538461538464 0.033734939759036145
1 0.6033653846153846 0.3253012048192771 0.03365384615384615 0.033734939759036145
1 0.6959134615384616 0.39518072289156625 0.040865384615384616 0.03855421686746988
1 0.7752403846153846 0.38313253012048193 0.04567307692307692 0.043373493975903614
1 0.7115384615384616 0.3409638554216867 0.03365384615384615 0.03132530120481928
1 0.21995192307692307 0.3506024096385542 0.05048076923076923 0.04578313253012048
1 0.18389423076923078 0.344578313253012 0.036057692307692304 0.03855421686746988
1 0.15625 0.3325301204819277 0.03365384615384615 0.033734939759036145
1 0.1346153846153846 0.3228915662650602 0.03365384615384615 0.033734939759036145
1 0.11658653846153846 0.3216867469879518 0.026442307692307692 0.03132530120481928
1 0.08173076923076923 0.3253012048192771 0.03365384615384615 0.033734939759036145
1 0.22355769230769232 0.2963855421686747 0.03365384615384615 0.02891566265060241
1 0.3918269230769231 0.3192771084337349 0.02403846153846154 0.021686746987951807
1 0.9567307692307693 0.40240963855421685 0.04326923076923077 0.04819277108433735
1 0.8617788461538461 0.3036144578313253 0.026442307692307692 0.03855421686746988
1 0.2848557692307692 0.2783132530120482 0.026442307692307692 0.02650602409638554
1 0.036057692307692304 0.2819277108433735 0.028846153846153848 0.02891566265060241
1 0.8930288461538461 0.29518072289156627 0.026442307692307692 0.04096385542168675
1 0.9675480769230769 0.3542168674698795 0.040865384615384616 0.033734939759036145
1 0.22716346153846154 0.2674698795180723 0.021634615384615384 0.024096385542168676
1 0.7391826923076923 0.3108433734939759 0.021634615384615384 0.024096385542168676
1 0.7079326923076923 0.9843373493975903 0.07451923076923077 0.02650602409638554
1 0.27163461538461536 0.09879518072289156 0.03365384615384615 0.03855421686746988
1 0.4182692307692308 0.07108433734939759 0.038461538461538464 0.05060240963855422
1 0.5 0.060240963855421686 0.04326923076923077 0.043373493975903614
1 0.5757211538461539 0.06385542168674699 0.040865384615384616 0.04096385542168675
1 0.8533653846153846 0.007228915662650603 0.04807692307692308 0.014457831325301205
1 0.78125 0.014457831325301205 0.04807692307692308 0.02891566265060241
1 0.7487980769230769 0.02289156626506024 0.040865384615384616 0.04578313253012048
1 0.49399038461538464 0.09759036144578313 0.040865384615384616 0.04578313253012048
1 0.3557692307692308 0.0891566265060241 0.03365384615384615 0.033734939759036145
1 0.625 0.05903614457831325 0.038461538461538464 0.04578313253012048
1 0.6538461538461539 0.056626506024096385 0.03365384615384615 0.04096385542168675
1 0.5913461538461539 0.0891566265060241 0.038461538461538464 0.033734939759036145
1 0.6033653846153846 0.11325301204819277 0.03365384615384615 0.033734939759036145
1 0.6959134615384616 0.043373493975903614 0.040865384615384616 0.03855421686746988
1 0.7752403846153846 0.05542168674698795 0.04567307692307692 0.043373493975903614
1 0.7115384615384616 0.1 0.03365384615384615 0.03132530120481928
1 0.21995192307692307 0.09036144578313253 0.05048076923076923 0.04578313253012048
1 0.18389423076923078 0.09397590361445783 0.036057692307692304 0.03855421686746988
1 0.15625 0.10602409638554217 0.03365384615384615 0.033734939759036145
1 0.1346153846153846 0.11566265060240964 0.03365384615384615 0.033734939759036145
1 0.11658653846153846 0.11927710843373494 0.026442307692307692 0.03132530120481928
1 0.08173076923076923 0.11325301204819277 0.03365384615384615 0.033734939759036145
1 0.22355769230769232 0.14216867469879518 0.03365384615384615 0.02891566265060241
1 0.3918269230769231 0.1216867469879518 0.02403846153846154 0.021686746987951807
1 0.9567307692307693 0.03614457831325301 0.04326923076923077 0.04819277108433735
1 0.8617788461538461 0.13493975903614458 0.026442307692307692 0.03855421686746988
1 0.2848557692307692 0.16265060240963855 0.026442307692307692 0.02650602409638554
1 0.036057692307692304 0.1566265060240964 0.028846153846153848 0.02891566265060241
1 0.8930288461538461 0.14578313253012049 0.026442307692307692 0.04096385542168675
1 0.9675480769230769 0.08433734939759036 0.040865384615384616 0.033734939759036145
1 0.22716346153846154 0.1710843373493976 0.021634615384615384 0.024096385542168676
1 0.7391826923076923 0.12771084337349398 0.021634615384615384 0.024096385542168676
