1 0.14302884615384615 0.4939759036144578 0.04567307692307692 0.05783132530120482
1 0.16826923076923078 0.29036144578313255 0.028846153846153848 0.04096385542168675
1 0.47475961538461536 0.2 0.03125 0.03855421686746988
1 0.23798076923076922 0.38433734939759034 0.04326923076923077 0.04578313253012048
1 0.3317307692307692 0.3060240963855422 0.03365384615384615 0.043373493975903614
1 0.5144230769230769 0.38433734939759034 0.038461538461538464 0.04096385542168675
1 0.9711538461538461 0.6204819277108434 0.04807692307692308 0.05542168674698795
1 0.9338942307692307 0.4578313253012048 0.040865384615384616 0.05301204819277108
1 0.6382211538461539 0.38674698795180723 0.036057692307692304 0.04096385542168675
1 0.671875 0.3036144578313253 0.036057692307692304 0.043373493975903614
1 0.5336538461538461 0.3566265060240964 0.03365384615384615 0.03855421686746988
1 0.16826923076923078 0.04457831325301205 0.028846153846153848 0.04096385542168675
1 0.47475961538461536 0.13253012048192772 0.03125 0.03855421686746988
1 0.3317307692307692 0.02650602409638554 0.03365384615384615 0.043373493975903614
1 0.671875 0.02891566265060241 0.036057692307692304 0.043373493975903614
