0 0.9675480769230769 0.42891566265060244 0.06009615384615385 0.07710843373493977
0 0.07932692307692307 0.42409638554216866 0.0673076923076923 0.07228915662650602
0 0.5961538461538461 0.43012048192771085 0.052884615384615384 0.06506024096385542
0 0.203125 0.44096385542168676 0.04567307692307692 0.06265060240963856
0 0.3269230769230769 0.4493975903614458 0.03365384615384615 0.04096385542168675
0 0.021634615384615384 0.46265060240963857 0.038461538461538464 0.05783132530120482
0 0.15264423076923078 0.4686746987951807 0.05048076923076923 0.05542168674698795
0 0.2644230769230769 0.4542168674698795 0.038461538461538464 0.05542168674698795
0 0.39783653846153844 0.4457831325301205 0.04567307692307692 0.05301204819277108
0 0.4338942307692308 0.44096385542168676 0.036057692307692304 0.043373493975903614
0 0.5048076923076923 0.44096385542168676 0.038461538461538464 0.05301204819277108
0 0.5348557692307693 0.4493975903614458 0.03125 0.04096385542168675
0 0.6911057692307693 0.4493975903614458 0.05048076923076923 0.060240963855421686
0 0.6634615384615384 0.43493975903614457 0.03365384615384615 0.05542168674698795
0 0.7403846153846154 0.4469879518072289 0.03365384615384615 0.04578313253012048
0 0.8233173076923077 0.42409638554216866 0.05048076923076923 0.05783132530120482
