1 0.23677884615384615 0.41566265060240964 0.07932692307692307 0.07951807228915662
1 0.7043269230769231 0.41325301204819276 0.0625 0.0746987951807229
1 0.6177884615384616 0.4108433734939759 0.057692307692307696 0.08433734939759036
1 0.8257211538461539 0.40602409638554215 0.0889423076923077 0.09397590361445783
1 0.39783653846153844 0.39759036144578314 0.06009615384615385 0.07228915662650602
1 0.9134615384615384 0.43253012048192774 0.057692307692307696 0.060240963855421686
1 0.4483173076923077 0.42530120481927713 0.04567307692307692 0.060240963855421686
1 0.7848557692307693 0.4108433734939759 0.04567307692307692 0.07951807228915662
1 0.5024038461538461 0.42168674698795183 0.038461538461538464 0.06746987951807229
1 0.9759615384615384 0.45180722891566266 0.04326923076923077 0.05542168674698795
