1 0.058695652173913045 0.31237911025145065 0.1144927536231884 0.3036750483558994
1 0.20072463768115942 0.3539651837524178 0.1144927536231884 0.21663442940038685
1 0.2702898550724638 0.4332688588007737 0.08260869565217391 0.13926499032882012
1 0.3253623188405797 0.36266924564796904 0.07971014492753623 0.1528046421663443
1 0.4101449275362319 0.4197292069632495 0.08695652173913043 0.13539651837524178
1 0.5456521739130434 0.40522243713733075 0.07391304347826087 0.12572533849129594
1 0.6608695652173913 0.35106382978723405 0.08405797101449275 0.172147001934236
1 0.7724637681159421 0.35880077369439073 0.14202898550724638 0.21083172147001933
1 0.4398550724637681 0.6150870406189555 0.1 0.16634429400386846
1 0.12753623188405797 0.08413926499032882 0.02608695652173913 0.04448742746615087
1 0.17101449275362318 0.1576402321083172 0.020289855072463767 0.0367504835589942
