0 0.11778846153846154 0.35096153846153844 0.11057692307692307 0.10096153846153846
0 0.19471153846153846 0.32211538461538464 0.03365384615384615 0.052884615384615384
0 0.02403846153846154 0.2860576923076923 0.02403846153846154 0.038461538461538464
0 0.2403846153846154 0.3293269230769231 0.0673076923076923 0.09134615384615384
0 0.27884615384615385 0.27403846153846156 0.038461538461538464 0.04326923076923077
0 0.33774038461538464 0.31490384615384615 0.06971153846153846 0.07692307692307693
0 0.4014423076923077 0.3269230769230769 0.052884615384615384 0.0625
0 0.4338942307692308 0.2920673076923077 0.03125 0.036057692307692304
0 0.4855769230769231 0.33653846153846156 0.0673076923076923 0.08173076923076923
0 0.6069711538461539 0.3713942307692308 0.05048076923076923 0.07932692307692307
0 0.8641826923076923 0.4326923076923077 0.10817307692307693 0.08653846153846154
0 0.9026442307692307 0.3389423076923077 0.040865384615384616 0.0625
0 0.8125 0.34975961538461536 0.038461538461538464 0.05048076923076923
1 0.7572115384615384 0.32091346153846156 0.03365384615384615 0.04567307692307692
1 0.7091346153846154 0.31850961538461536 0.03365384615384615 0.05048076923076923
1 0.6778846153846154 0.33052884615384615 0.038461538461538464 0.05048076923076923
0 0.6418269230769231 0.33653846153846156 0.038461538461538464 0.0625
1 0.6129807692307693 0.2920673076923077 0.019230769230769232 0.026442307692307692
0 0.11899038461538461 0.016826923076923076 0.11298076923076923 0.03365384615384615
0 0.19591346153846154 0.019230769230769232 0.036057692307692304 0.038461538461538464
0 0.02403846153846154 0.04567307692307692 0.02403846153846154 0.038461538461538464
0 0.24158653846153846 0.025240384615384616 0.06971153846153846 0.05048076923076923
0 0.27884615384615385 0.057692307692307696 0.038461538461538464 0.04326923076923077
0 0.33653846153846156 0.028846153846153848 0.07211538461538461 0.057692307692307696
0 0.4026442307692308 0.019230769230769232 0.055288461538461536 0.038461538461538464
0 0.4338942307692308 0.042067307692307696 0.03125 0.036057692307692304
0 0.48677884615384615 0.019230769230769232 0.06971153846153846 0.038461538461538464
0 0.9014423076923077 0.013221153846153846 0.04326923076923077 0.026442307692307692
0 0.8137019230769231 0.004807692307692308 0.040865384615384616 0.009615384615384616
1 0.7584134615384616 0.018028846153846152 0.036057692307692304 0.036057692307692304
1 0.7103365384615384 0.020432692307692308 0.036057692307692304 0.040865384615384616
1 0.6790865384615384 0.014423076923076924 0.040865384615384616 0.028846153846153848
0 0.6430288461538461 0.014423076923076924 0.040865384615384616 0.028846153846153848
1 0.6129807692307693 0.042067307692307696 0.019230769230769232 0.026442307692307692
