1 0.12980769230769232 0.3641826923076923 0.08173076923076923 0.0985576923076923
1 0.6466346153846154 0.38341346153846156 0.0673076923076923 0.09375
1 0.5132211538461539 0.34975961538461536 0.06490384615384616 0.10336538461538461
1 0.8557692307692307 0.3641826923076923 0.057692307692307696 0.08413461538461539
1 0.27163461538461536 0.36778846153846156 0.052884615384615384 0.09134615384615384
1 0.39663461538461536 0.3858173076923077 0.052884615384615384 0.0889423076923077
1 0.90625 0.3894230769230769 0.052884615384615384 0.0673076923076923
1 0.3629807692307692 0.3894230769230769 0.052884615384615384 0.0625
1 0.1310096153846154 0.009615384615384616 0.08413461538461539 0.019230769230769232
1 0.5120192307692307 0.018028846153846152 0.0673076923076923 0.036057692307692304
