1 0.21116708648194793 0.6049528301886793 0.017632241813602016 0.02830188679245283
1 0.26364399664147775 0.6102594339622641 0.015113350125944584 0.027122641509433963
1 0.3136020151133501 0.6079009433962265 0.014273719563392108 0.027122641509433963
1 0.42275398824517213 0.6161556603773585 0.014273719563392108 0.02240566037735849
1 0.845088161209068 0.6786556603773585 0.026028547439126783 0.03891509433962264
1 0.5785054575986566 0.6285377358490566 0.010075566750629723 0.01650943396226415
0 0.5398824517212426 0.5412735849056604 0.010075566750629723 0.018867924528301886
0 0.6515533165407221 0.5194575471698113 0.011754827875734676 0.015330188679245283
0 0.6775818639798489 0.5070754716981132 0.008396305625524769 0.01179245283018868
0 0.8702770780856424 0.6226415094339622 0.014273719563392108 0.025943396226415096
