1 0.6153846153846154 0.3409638554216867 0.15865384615384615 0.22409638554216868
1 0.234375 0.28433734939759037 0.0985576923076923 0.10602409638554217
1 0.40865384615384615 0.3337349397590361 0.15865384615384615 0.2
1 0.8521634615384616 0.3855421686746988 0.25721153846153844 0.29397590361445786
1 0.7079326923076923 0.30120481927710846 0.09375 0.17349397590361446
1 0.10096153846153846 0.2819277108433735 0.20192307692307693 0.22650602409638554
1 0.6165865384615384 0.05301204819277108 0.16105769230769232 0.10602409638554217
1 0.23317307692307693 0.051807228915662654 0.10096153846153846 0.10361445783132531
1 0.4098557692307692 0.05060240963855422 0.16105769230769232 0.10120481927710843
1 0.8509615384615384 0.04819277108433735 0.25961538461538464 0.0963855421686747
1 0.7067307692307693 0.060240963855421686 0.09615384615384616 0.12048192771084337
1 0.10216346153846154 0.08313253012048193 0.20432692307692307 0.16626506024096385
