1 0.6661666666666667 0.36125 0.012333333333333333 0.023333333333333334
1 0.498 0.336875 0.012 0.022916666666666665
1 0.6536666666666666 0.6620833333333334 0.018 0.03666666666666667
1 0.6516666666666666 0.6129166666666667 0.014666666666666666 0.02
1 0.5993333333333334 0.6552083333333333 0.016666666666666666 0.030416666666666668
1 0.5525 0.6372916666666667 0.015666666666666666 0.02875
1 0.5208333333333334 0.65875 0.01633333333333333 0.03
1 0.536 0.588125 0.014 0.029583333333333333
1 0.4945 0.5883333333333334 0.017 0.029166666666666667
1 0.6716666666666666 0.60125 0.014666666666666666 0.028333333333333332
1 0.7226666666666667 0.589375 0.015333333333333332 0.029583333333333333
1 0.7478333333333333 0.595 0.017 0.03166666666666667
1 0.6965 0.5970833333333333 0.014333333333333333 0.02666666666666667
1 0.4101666666666667 0.631875 0.017 0.029583333333333333
1 0.464 0.651875 0.018 0.03208333333333333
1 0.4553333333333333 0.6016666666666667 0.014666666666666666 0.025
1 0.42333333333333334 0.5989583333333334 0.014666666666666666 0.02625
1 0.3393333333333333 0.58375 0.016 0.02666666666666667
1 0.30933333333333335 0.5675 0.018 0.03
1 0.3338333333333333 0.56125 0.015666666666666666 0.023333333333333334
1 0.0505 0.5547916666666667 0.027 0.03958333333333333
1 0.0865 0.5589583333333333 0.019 0.03208333333333333
1 0.13616666666666666 0.5627083333333334 0.02033333333333333 0.035416666666666666
1 0.16616666666666666 0.5666666666666667 0.01633333333333333 0.028333333333333332
1 0.18366666666666667 0.5614583333333333 0.020666666666666667 0.032916666666666664
1 0.22366666666666668 0.5720833333333334 0.018 0.0175
1 0.22133333333333333 0.5864583333333333 0.017333333333333333 0.027916666666666666
1 0.2445 0.57625 0.018333333333333333 0.029166666666666667
1 0.2786666666666667 0.5925 0.015333333333333332 0.03166666666666667
1 0.2831666666666667 0.638125 0.023 0.03375
1 0.37766666666666665 0.590625 0.016 0.025416666666666667
1 0.8045 0.5908333333333333 0.018333333333333333 0.02666666666666667
1 0.874 0.5895833333333333 0.017333333333333333 0.028333333333333332
1 0.7715 0.5808333333333333 0.01633333333333333 0.029166666666666667
1 0.8453333333333334 0.6620833333333334 0.02 0.03666666666666667
1 0.8986666666666666 0.646875 0.02 0.034583333333333334
1 0.9131666666666667 0.5897916666666667 0.017666666666666667 0.029583333333333333
1 0.9625 0.5952083333333333 0.02033333333333333 0.034583333333333334
1 0.8328333333333333 0.5891666666666666 0.018333333333333333 0.029166666666666667
