0 0.1763157894736842 0.46113989637305697 0.043859649122807015 0.07253886010362694
0 0.27280701754385966 0.46243523316062174 0.03333333333333333 0.06994818652849741
0 0.2964912280701754 0.45466321243523317 0.02456140350877193 0.054404145077720206
0 0.4307017543859649 0.42487046632124353 0.02982456140350877 0.05699481865284974
0 0.5184210526315789 0.4417098445595855 0.02982456140350877 0.054404145077720206
0 0.5421052631578948 0.4339378238341969 0.031578947368421054 0.054404145077720206
0 0.6298245614035087 0.41968911917098445 0.028070175438596492 0.05181347150259067
0 0.6649122807017543 0.4261658031088083 0.02456140350877193 0.04404145077720207
0 0.6833333333333333 0.4183937823834197 0.02280701754385965 0.04404145077720207
0 0.7236842105263158 0.4274611398963731 0.02280701754385965 0.04145077720207254
0 0.781578947368421 0.4261658031088083 0.02280701754385965 0.04404145077720207
