0 0.20552884615384615 0.39663461538461536 0.06971153846153846 0.08653846153846154
0 0.27283653846153844 0.4206730769230769 0.05048076923076923 0.0625
1 0.3137019230769231 0.4206730769230769 0.04567307692307692 0.052884615384615384
0 0.4206730769230769 0.42788461538461536 0.057692307692307696 0.057692307692307696
0 0.5745192307692307 0.4206730769230769 0.04326923076923077 0.057692307692307696
1 0.765625 0.38461538461538464 0.0985576923076923 0.10576923076923077
0 0.20432692307692307 0.040865384615384616 0.07211538461538461 0.08173076923076923
0 0.27163461538461536 0.02283653846153846 0.052884615384615384 0.04567307692307692
1 0.3125 0.020432692307692308 0.04807692307692308 0.040865384615384616
0 0.421875 0.018028846153846152 0.06009615384615385 0.036057692307692304
0 0.5757211538461539 0.021634615384615384 0.04567307692307692 0.04326923076923077
1 0.7644230769230769 0.051682692307692304 0.10096153846153846 0.10336538461538461
