1 0.12936936936936938 0.45985284708893154 0.05153153153153153 0.118042226487524
1 0.2390990990990991 0.46129238643634035 0.04828828828828829 0.10876519513755598
1 0.527027027027027 0.42706333973128596 0.04576576576576576 0.09596928982725528
1 0.9316216216216217 0.42994241842610365 0.0409009009009009 0.08445297504798464
0 0.3509009009009009 0.4360204734484965 0.04594594594594595 0.10748560460652591
0 0.4266666666666667 0.4627319257837492 0.036756756756756756 0.08861164427383238
0 0.46945945945945944 0.5049584133077415 0.03189189189189189 0.05982085732565579
0 0.39594594594594595 0.494721689059501 0.027927927927927927 0.05662188099808062
0 0.1845945945945946 0.5374280230326296 0.026126126126126126 0.060780550223928344
0 0.4418018018018018 0.6932181701855407 0.08684684684684685 0.16314779270633398
0 0.6748648648648649 0.7215291106845809 0.07945945945945945 0.15579014715291106
0 0.8591891891891892 0.6605886116442738 0.07945945945945945 0.1381957773512476
0 0.6654054054054054 0.4932821497120921 0.023063063063063063 0.044785668586052464
