1 0.12946428571428573 0.5589812332439679 0.019642857142857142 0.03485254691689008
1 0.14732142857142858 0.5495978552278821 0.019642857142857142 0.03753351206434316
1 0.16607142857142856 0.5549597855227882 0.017857142857142856 0.032171581769437
1 0.2598214285714286 0.5522788203753352 0.019642857142857142 0.032171581769437
1 0.29017857142857145 0.561662198391421 0.01607142857142857 0.029490616621983913
1 0.3125 0.5563002680965148 0.017857142857142856 0.029490616621983913
1 0.33035714285714285 0.5549597855227882 0.014285714285714285 0.02680965147453083
1 0.35446428571428573 0.5482573726541555 0.0125 0.029490616621983913
1 0.3669642857142857 0.5455764075067024 0.01607142857142857 0.03485254691689008
1 0.38035714285714284 0.546916890080429 0.014285714285714285 0.02680965147453083
1 0.39732142857142855 0.5563002680965148 0.0125 0.024128686327077747
1 0.41696428571428573 0.5509383378016086 0.01607142857142857 0.024128686327077747
1 0.42678571428571427 0.5576407506702413 0.014285714285714285 0.02680965147453083
0 0.44375 0.5563002680965148 0.0125 0.024128686327077747
1 0.47767857142857145 0.5536193029490617 0.0125 0.024128686327077747
1 0.48839285714285713 0.5536193029490617 0.0125 0.024128686327077747
0 0.5089285714285714 0.5536193029490617 0.014285714285714285 0.024128686327077747
1 0.525 0.5509383378016086 0.014285714285714285 0.029490616621983913
0 0.54375 0.5509383378016086 0.0125 0.024128686327077747
1 0.5607142857142857 0.546916890080429 0.014285714285714285 0.02680965147453083
1 0.5857142857142857 0.5522788203753352 0.02142857142857143 0.04825737265415549
1 0.6383928571428571 0.5549597855227882 0.0125 0.021447721179624665
1 0.6017857142857143 0.5509383378016086 0.010714285714285714 0.024128686327077747
0 0.6526785714285714 0.5536193029490617 0.01607142857142857 0.029490616621983913
1 0.6892857142857143 0.5589812332439679 0.017857142857142856 0.029490616621983913
1 0.7303571428571428 0.546916890080429 0.017857142857142856 0.032171581769437
1 0.76875 0.5375335120643432 0.023214285714285715 0.03485254691689008
1 0.7883928571428571 0.5509383378016086 0.01607142857142857 0.029490616621983913
1 0.8883928571428571 0.5630026809651475 0.019642857142857142 0.04289544235924933
