1 0.14783653846153846 0.41566265060240964 0.06009615384615385 0.07951807228915662
1 0.19471153846153846 0.4 0.052884615384615384 0.07228915662650602
1 0.23798076923076922 0.41566265060240964 0.038461538461538464 0.04578313253012048
1 0.35336538461538464 0.42048192771084336 0.04807692307692308 0.06987951807228916
1 0.4266826923076923 0.3855421686746988 0.05048076923076923 0.06265060240963856
1 0.5240384615384616 0.3927710843373494 0.052884615384615384 0.05783132530120482
1 0.5649038461538461 0.3578313253012048 0.04807692307692308 0.060240963855421686
1 0.6310096153846154 0.3337349397590361 0.04567307692307692 0.06506024096385542
1 0.6057692307692307 0.336144578313253 0.038461538461538464 0.05542168674698795
1 0.7271634615384616 0.3349397590361446 0.055288461538461536 0.06746987951807229
1 0.7764423076923077 0.3240963855421687 0.04807692307692308 0.0746987951807229
1 0.5661057692307693 0.006024096385542169 0.05048076923076923 0.012048192771084338
1 0.6298076923076923 0.01927710843373494 0.04807692307692308 0.03855421686746988
1 0.6069711538461539 0.01566265060240964 0.040865384615384616 0.03132530120481928
1 0.7259615384615384 0.01927710843373494 0.057692307692307696 0.03855421686746988
1 0.7776442307692307 0.02650602409638554 0.05048076923076923 0.05301204819277108
