1 0.9411057692307693 0.3710843373493976 0.11298076923076923 0.13493975903614458
1 0.7403846153846154 0.40481927710843374 0.10576923076923077 0.12048192771084337
1 0.3076923076923077 0.5686746987951807 0.0673076923076923 0.07710843373493977
0 0.20072115384615385 0.4036144578313253 0.07451923076923077 0.09397590361445783
0 0.38461538461538464 0.39518072289156625 0.08173076923076923 0.10120481927710843
0 0.5757211538461539 0.3891566265060241 0.07932692307692307 0.10361445783132531
0 0.5144230769230769 0.40843373493975904 0.0673076923076923 0.09397590361445783
0 0.03125 0.41325301204819276 0.057692307692307696 0.10843373493975904
0 0.16826923076923078 0.44457831325301206 0.04326923076923077 0.06987951807228916
1 0.8088942307692307 0.5951807228915663 0.06009615384615385 0.0819277108433735
0 0.8858173076923077 0.41445783132530123 0.06490384615384616 0.10602409638554217
1 0.9399038461538461 0.04939759036144578 0.11538461538461539 0.09879518072289156
1 0.7415865384615384 0.02891566265060241 0.10817307692307693 0.05783132530120482
0 0.19951923076923078 0.02289156626506024 0.07692307692307693 0.04578313253012048
0 0.3858173076923077 0.02891566265060241 0.08413461538461539 0.05783132530120482
0 0.5745192307692307 0.03253012048192771 0.08173076923076923 0.06506024096385542
0 0.515625 0.020481927710843374 0.06971153846153846 0.04096385542168675
0 0.03245192307692308 0.021686746987951807 0.06009615384615385 0.043373493975903614
1 0.8076923076923077 0.9819277108433735 0.0625 0.03132530120481928
0 0.8846153846153846 0.020481927710843374 0.0673076923076923 0.04096385542168675
