1 0.8870192307692307 0.3204819277108434 0.0625 0.08674698795180723
1 0.2644230769230769 0.3373493975903614 0.0625 0.08674698795180723
1 0.49038461538461536 0.35542168674698793 0.04326923076923077 0.06987951807228916
1 0.5649038461538461 0.3650602409638554 0.04807692307692308 0.060240963855421686
1 0.36538461538461536 0.36265060240963853 0.04326923076923077 0.060240963855421686
1 0.20072115384615385 0.36987951807228914 0.026442307692307692 0.05542168674698795
1 0.016826923076923076 0.39397590361445783 0.03365384615384615 0.04578313253012048
1 0.8461538461538461 0.3614457831325301 0.019230769230769232 0.02891566265060241
1 0.8882211538461539 0.02891566265060241 0.06490384615384616 0.05783132530120482
1 0.265625 0.020481927710843374 0.06490384615384616 0.04096385542168675
1 0.49158653846153844 0.007228915662650603 0.04567307692307692 0.014457831325301205
