0 0.12972972972972974 0.41944444444444445 0.036036036036036036 0.06666666666666667
0 0.16756756756756758 0.40555555555555556 0.043243243243243246 0.08333333333333333
0 0.2063063063063063 0.4083333333333333 0.023423423423423424 0.03888888888888889
0 0.25495495495495496 0.4083333333333333 0.02702702702702703 0.05
0 0.31981981981981983 0.4111111111111111 0.01981981981981982 0.03333333333333333
0 0.34594594594594597 0.4263888888888889 0.025225225225225224 0.05277777777777778
0 0.38828828828828826 0.4083333333333333 0.01981981981981982 0.03333333333333333
0 0.42342342342342343 0.4027777777777778 0.021621621621621623 0.05
0 0.4810810810810811 0.3972222222222222 0.021621621621621623 0.044444444444444446
0 0.5081081081081081 0.4152777777777778 0.021621621621621623 0.041666666666666664
0 0.5234234234234234 0.4152777777777778 0.016216216216216217 0.03611111111111111
0 0.5765765765765766 0.4097222222222222 0.025225225225225224 0.04722222222222222
0 0.6189189189189189 0.425 0.01981981981981982 0.03333333333333333
0 0.6747747747747748 0.4097222222222222 0.023423423423423424 0.04722222222222222
0 0.69009009009009 0.39861111111111114 0.018018018018018018 0.041666666666666664
0 0.7450450450450451 0.4 0.04864864864864865 0.07777777777777778
0 0.7864864864864864 0.4097222222222222 0.03423423423423423 0.058333333333333334
