1 0.264 0.6726726726726727 0.024 0.04804804804804805
1 0.287 0.7012012012012012 0.026 0.057057057057057055
1 0.322 0.7177177177177178 0.028 0.06006006006006006
1 0.332 0.6666666666666666 0.024 0.04804804804804805
1 0.364 0.7072072072072072 0.024 0.05105105105105105
1 0.392 0.6606606606606606 0.024 0.05405405405405406
1 0.413 0.6891891891891891 0.026 0.057057057057057055
1 0.441 0.6756756756756757 0.026 0.04804804804804805
1 0.473 0.6936936936936937 0.03 0.05405405405405406
1 0.606 0.6771771771771772 0.028 0.057057057057057055
1 0.636 0.6831831831831832 0.028 0.057057057057057055
1 0.672 0.6786786786786787 0.028 0.05405405405405406
1 0.724 0.6861861861861862 0.032 0.057057057057057055
1 0.754 0.6591591591591591 0.028 0.05105105105105105
1 0.776 0.7012012012012012 0.032 0.057057057057057055
1 0.557 0.6876876876876877 0.026 0.05405405405405406
1 0.55 0.6426426426426426 0.028 0.04804804804804805
1 0.506 0.6846846846846847 0.028 0.04804804804804805
