1 0.41466346153846156 0.38341346153846156 0.17548076923076922 0.18509615384615385
1 0.23197115384615385 0.3870192307692308 0.16105769230769232 0.21634615384615385
1 0.9723557692307693 0.28725961538461536 0.04567307692307692 0.13221153846153846
1 0.8509615384615384 0.328125 0.09615384615384616 0.16105769230769232
0 0.6478365384615384 0.390625 0.10817307692307693 0.11778846153846154
1 0.41346153846153844 0.04807692307692308 0.1778846153846154 0.09615384615384616
1 0.23076923076923078 0.054086538461538464 0.16346153846153846 0.10817307692307693
1 0.9723557692307693 0.09975961538461539 0.04567307692307692 0.13221153846153846
1 0.8521634615384616 0.06971153846153846 0.0985576923076923 0.13942307692307693
0 0.6466346153846154 0.027644230769230768 0.11057692307692307 0.055288461538461536
