1 0.08774038461538461 0.33774038461538464 0.04567307692307692 0.055288461538461536
0 0.18389423076923078 0.31850961538461536 0.05048076923076923 0.05048076923076923
0 0.30528846153846156 0.30649038461538464 0.057692307692307696 0.06009615384615385
0 0.23317307692307693 0.33052884615384615 0.038461538461538464 0.04567307692307692
0 0.4206730769230769 0.33052884615384615 0.04326923076923077 0.04567307692307692
0 0.47475961538461536 0.3389423076923077 0.03125 0.03365384615384615
0 0.5721153846153846 0.28365384615384615 0.08173076923076923 0.08653846153846154
0 0.6117788461538461 0.2956730769230769 0.040865384615384616 0.04807692307692308
0 0.875 0.33774038461538464 0.11057692307692307 0.11298076923076923
1 0.08653846153846154 0.016826923076923076 0.04807692307692308 0.03365384615384615
0 0.18269230769230768 0.025240384615384616 0.052884615384615384 0.05048076923076923
0 0.30528846153846156 0.037259615384615384 0.057692307692307696 0.06009615384615385
0 0.234375 0.018028846153846152 0.040865384615384616 0.036057692307692304
0 0.421875 0.018028846153846152 0.04567307692307692 0.036057692307692304
0 0.4735576923076923 0.010817307692307692 0.03365384615384615 0.021634615384615384
0 0.5721153846153846 0.057692307692307696 0.08173076923076923 0.08653846153846154
0 0.6117788461538461 0.04567307692307692 0.040865384615384616 0.04807692307692308
0 0.8762019230769231 0.03125 0.11298076923076923 0.0625
