0 0.17307692307692307 0.5805288461538461 0.11538461538461539 0.11778846153846154
0 0.08413461538461539 0.5588942307692307 0.08173076923076923 0.09375
0 0.8052884615384616 0.49399038461538464 0.0673076923076923 0.06971153846153846
0 0.21995192307692307 0.5036057692307693 0.06009615384615385 0.06009615384615385
0 0.125 0.4951923076923077 0.04807692307692308 0.04326923076923077
0 0.15504807692307693 0.4699519230769231 0.04567307692307692 0.04567307692307692
0 0.21394230769230768 0.4483173076923077 0.038461538461538464 0.036057692307692304
0 0.4951923076923077 0.44711538461538464 0.03365384615384615 0.04807692307692308
0 0.6490384615384616 0.4579326923076923 0.04807692307692308 0.04567307692307692
0 0.7163461538461539 0.4639423076923077 0.057692307692307696 0.057692307692307696
