1 0.14166666666666666 0.3759213759213759 0.07666666666666666 0.15724815724815724
1 0.4116666666666667 0.3918918918918919 0.06 0.11547911547911548
1 0.35833333333333334 0.4275184275184275 0.03666666666666667 0.06388206388206388
1 0.30666666666666664 0.4226044226044226 0.02 0.044226044226044224
1 0.19083333333333333 0.4152334152334152 0.03166666666666667 0.09336609336609336
1 0.25666666666666665 0.43857493857493857 0.07333333333333333 0.13513513513513514
1 0.5333333333333333 0.4176904176904177 0.04666666666666667 0.09828009828009827
1 0.5883333333333334 0.4201474201474201 0.06666666666666667 0.1375921375921376
1 0.6908333333333333 0.4201474201474201 0.058333333333333334 0.11302211302211303
1 0.7475 0.41154791154791154 0.06166666666666667 0.11056511056511056
