1 0.31185324553151456 0.44166666666666665 0.04421448730009407 0.057692307692307696
1 0.3532455315145814 0.367948717948718 0.01975540921919097 0.03333333333333333
1 0.4407337723424271 0.4128205128205128 0.04985888993414864 0.07435897435897436
1 0.6265286923800565 0.43333333333333335 0.045155221072436504 0.06666666666666667
1 0.6782690498588899 0.3557692307692308 0.01317027281279398 0.021794871794871794
1 0.7144873000940734 0.5397435897435897 0.04421448730009407 0.06666666666666667
1 0.7304797742238947 0.4551282051282051 0.04985888993414864 0.07692307692307693
1 0.7154280338664158 0.35512820512820514 0.023518344308560677 0.041025641025641026
1 0.6260583254938852 0.3525641025641026 0.021636876763875823 0.038461538461538464
1 0.09971777986829727 0.3384615384615385 0.016933207902163686 0.028205128205128206
1 0.16839134524929444 0.3474358974358974 0.011288805268109126 0.015384615384615385
1 0.18062088428974601 0.3416666666666667 0.00940733772342427 0.014102564102564103
1 0.21307619943555975 0.34294871794871795 0.010348071495766699 0.014102564102564103
1 0.519755409219191 0.17564102564102563 0.01599247412982126 0.02564102564102564
