0 0.0765625 0.35523613963039014 0.046875 0.06981519507186858
0 0.146875 0.3675564681724846 0.053125 0.07392197125256673
0 0.22265625 0.3726899383983573 0.0484375 0.07186858316221766
0 0.30546875 0.39117043121149897 0.0359375 0.055441478439425054
0 0.28984375 0.3788501026694045 0.0421875 0.06776180698151951
0 0.36171875 0.3788501026694045 0.0359375 0.055441478439425054
0 0.3984375 0.39835728952772076 0.0375 0.053388090349075976
0 0.425 0.3521560574948665 0.03125 0.0513347022587269
0 0.4515625 0.3932238193018481 0.034375 0.059548254620123205
0 0.48671875 0.3665297741273101 0.0421875 0.0513347022587269
0 0.5 0.4055441478439425 0.040625 0.055441478439425054
0 0.5421875 0.364476386036961 0.040625 0.0513347022587269
0 0.55703125 0.4106776180698152 0.0359375 0.053388090349075976
0 0.6203125 0.39630390143737165 0.040625 0.06570841889117043
0 0.609375 0.3603696098562628 0.034375 0.055441478439425054
0 0.653125 0.38501026694045176 0.0375 0.059548254620123205
0 0.67421875 0.4137577002053388 0.0359375 0.04722792607802875
0 0.68203125 0.3542094455852156 0.0328125 0.04722792607802875
0 0.72578125 0.4024640657084189 0.0453125 0.06981519507186858
0 0.715625 0.37166324435318276 0.03125 0.049281314168377825
0 0.75078125 0.35626283367556466 0.0328125 0.055441478439425054
0 0.78515625 0.3624229979466119 0.0421875 0.059548254620123205
0 0.82421875 0.3942505133470226 0.0515625 0.07802874743326489
0 0.88515625 0.38193018480492813 0.0421875 0.057494866529774126
