1 0.4699519230769231 0.29086538461538464 0.07451923076923077 0.09134615384615384
1 0.5721153846153846 0.2776442307692308 0.0673076923076923 0.08413461538461539
1 0.6177884615384616 0.34615384615384615 0.08173076923076923 0.09615384615384616
1 0.30528846153846156 0.24879807692307693 0.11057692307692307 0.11298076923076923
1 0.5168269230769231 0.23557692307692307 0.052884615384615384 0.07692307692307693
1 0.1935096153846154 0.2608173076923077 0.08413461538461539 0.11778846153846154
1 0.4110576923076923 0.2512019230769231 0.052884615384615384 0.07451923076923077
1 0.039663461538461536 0.2091346153846154 0.05048076923076923 0.0673076923076923
1 0.13341346153846154 0.2608173076923077 0.05048076923076923 0.08413461538461539
0 0.9471153846153846 0.3016826923076923 0.09615384615384616 0.11778846153846154
0 0.8858173076923077 0.3762019230769231 0.13221153846153846 0.13701923076923078
1 0.46875 0.04447115384615385 0.07692307692307693 0.0889423076923077
1 0.5721153846153846 0.056490384615384616 0.0673076923076923 0.08413461538461539
1 0.6189903846153846 0.018028846153846152 0.08413461538461539 0.036057692307692304
1 0.30528846153846156 0.08533653846153846 0.11057692307692307 0.11298076923076923
1 0.5168269230769231 0.09615384615384616 0.052884615384615384 0.07692307692307693
1 0.1935096153846154 0.0733173076923077 0.08413461538461539 0.11778846153846154
1 0.4110576923076923 0.0829326923076923 0.052884615384615384 0.07451923076923077
1 0.039663461538461536 0.12259615384615384 0.05048076923076923 0.0673076923076923
1 0.13341346153846154 0.0733173076923077 0.05048076923076923 0.08413461538461539
0 0.9483173076923077 0.04567307692307692 0.0985576923076923 0.09134615384615384
