1 0.065 0.49466666666666664 0.09 0.14666666666666667
1 0.06 0.36533333333333334 0.06 0.10666666666666667
1 0.194 0.364 0.076 0.13066666666666665
1 0.25 0.34933333333333333 0.044 0.096
1 0.294 0.37866666666666665 0.06 0.10666666666666667
1 0.353 0.316 0.046 0.104
1 0.439 0.3466666666666667 0.042 0.064
1 0.475 0.304 0.058 0.112
1 0.557 0.3626666666666667 0.054 0.10133333333333333
1 0.586 0.32133333333333336 0.04 0.09333333333333334
1 0.623 0.3426666666666667 0.05 0.09866666666666667
1 0.669 0.37333333333333335 0.066 0.10666666666666667
1 0.705 0.3373333333333333 0.054 0.088
1 0.771 0.328 0.07 0.10666666666666667
1 0.857 0.352 0.086 0.128
1 0.871 0.2733333333333333 0.07 0.088
1 0.925 0.2986666666666667 0.058 0.10666666666666667
0 0.382 0.344 0.064 0.10666666666666667
