1 0.1261904761904762 0.3746031746031746 0.0761904761904762 0.12063492063492064
1 0.2976190476190476 0.34285714285714286 0.05714285714285714 0.12698412698412698
1 0.49047619047619045 0.34285714285714286 0.05714285714285714 0.12698412698412698
1 0.5988095238095238 0.39365079365079364 0.04523809523809524 0.08888888888888889
1 0.6345238095238095 0.4126984126984127 0.03571428571428571 0.06984126984126984
1 0.6928571428571428 0.3682539682539683 0.047619047619047616 0.12063492063492064
1 0.669047619047619 0.39365079365079364 0.01904761904761905 0.05714285714285714
1 0.7392857142857143 0.3634920634920635 0.02619047619047619 0.07936507936507936
1 0.8 0.35873015873015873 0.06190476190476191 0.11428571428571428
1 0.7595238095238095 0.36984126984126986 0.0380952380952381 0.08571428571428572
1 0.5321428571428571 0.373015873015873 0.04047619047619048 0.07936507936507936
1 0.44761904761904764 0.35873015873015873 0.02857142857142857 0.06349206349206349
1 0.4083333333333333 0.39206349206349206 0.04047619047619048 0.07301587301587302
1 0.2369047619047619 0.35714285714285715 0.05952380952380952 0.11746031746031746
1 0.35714285714285715 0.3349206349206349 0.047619047619047616 0.09841269841269841
