0 0.3658854166666667 0.30078125 0.013020833333333334 0.01171875
0 0.39453125 0.29931640625 0.013020833333333334 0.0126953125
1 0.4212239583333333 0.30517578125 0.014322916666666666 0.0126953125
0 0.4322916666666667 0.302734375 0.010416666666666666 0.009765625
0 0.4459635416666667 0.2978515625 0.01171875 0.01171875
0 0.4635416666666667 0.29248046875 0.013020833333333334 0.0107421875
0 0.443359375 0.3193359375 0.01953125 0.017578125
0 0.388671875 0.31982421875 0.014322916666666666 0.0146484375
0 0.3522135416666667 0.3271484375 0.014322916666666666 0.013671875
0 0.3372395833333333 0.33203125 0.013020833333333334 0.01171875
0 0.3444010416666667 0.33935546875 0.016927083333333332 0.0107421875
0 0.328125 0.310546875 0.013020833333333334 0.013671875
0 0.3209635416666667 0.3232421875 0.016927083333333332 0.015625
0 0.3216145833333333 0.34375 0.013020833333333334 0.015625
0 0.2981770833333333 0.3369140625 0.013020833333333334 0.015625
0 0.2903645833333333 0.32421875 0.020833333333333332 0.013671875
0 0.2890625 0.30859375 0.013020833333333334 0.013671875
0 0.2838541666666667 0.3369140625 0.018229166666666668 0.015625
0 0.2747395833333333 0.34521484375 0.013020833333333334 0.0126953125
0 0.2630208333333333 0.345703125 0.013020833333333334 0.015625
0 0.2565104166666667 0.35693359375 0.020833333333333332 0.0166015625
0 0.22786458333333334 0.35009765625 0.018229166666666668 0.0146484375
0 0.24088541666666666 0.34814453125 0.013020833333333334 0.0166015625
0 0.34765625 0.3515625 0.018229166666666668 0.015625
0 0.3626302083333333 0.3466796875 0.01953125 0.015625
0 0.3776041666666667 0.33447265625 0.015625 0.0146484375
0 0.3111979166666667 0.36962890625 0.018229166666666668 0.0126953125
0 0.3157552083333333 0.3603515625 0.014322916666666666 0.009765625
0 0.24153645833333334 0.3779296875 0.022135416666666668 0.017578125
0 0.3854166666666667 0.34716796875 0.018229166666666668 0.0146484375
0 0.376953125 0.36328125 0.01953125 0.017578125
0 0.3977864583333333 0.3447265625 0.014322916666666666 0.013671875
0 0.4134114583333333 0.34716796875 0.016927083333333332 0.0126953125
0 0.4029947916666667 0.35986328125 0.016927083333333332 0.0185546875
0 0.416015625 0.36083984375 0.016927083333333332 0.0166015625
0 0.4329427083333333 0.35888671875 0.016927083333333332 0.0146484375
0 0.4264322916666667 0.34423828125 0.014322916666666666 0.0146484375
0 0.4388020833333333 0.3408203125 0.015625 0.021484375
0 0.4928385416666667 0.337890625 0.016927083333333332 0.015625
0 0.5078125 0.35498046875 0.020833333333333332 0.0146484375
0 0.345703125 0.375 0.016927083333333332 0.01953125
0 0.3092447916666667 0.38525390625 0.01953125 0.0185546875
0 0.2805989583333333 0.39306640625 0.016927083333333332 0.0224609375
0 0.2649739583333333 0.39599609375 0.024739583333333332 0.0224609375
0 0.23307291666666666 0.39892578125 0.0234375 0.0205078125
0 0.216796875 0.376953125 0.022135416666666668 0.01953125
0 0.19010416666666666 0.388671875 0.0234375 0.01953125
0 0.20833333333333334 0.40625 0.020833333333333332 0.017578125
0 0.17122395833333334 0.4287109375 0.02734375 0.025390625
0 0.19205729166666666 0.439453125 0.024739583333333332 0.01953125
0 0.2578125 0.421875 0.026041666666666668 0.021484375
0 0.34765625 0.4140625 0.026041666666666668 0.021484375
0 0.427734375 0.44091796875 0.02734375 0.0244140625
0 0.4609375 0.4091796875 0.0234375 0.01953125
0 0.4622395833333333 0.38916015625 0.026041666666666668 0.0185546875
0 0.12760416666666666 0.41650390625 0.03125 0.0224609375
0 0.13671875 0.43505859375 0.026041666666666668 0.0244140625
0 0.078125 0.46630859375 0.028645833333333332 0.0322265625
0 0.107421875 0.4755859375 0.037760416666666664 0.029296875
0 0.18033854166666666 0.4912109375 0.040364583333333336 0.03125
0 0.1484375 0.5546875 0.057291666666666664 0.052734375
0 0.041666666666666664 0.51318359375 0.041666666666666664 0.0419921875
0 0.24348958333333334 0.54638671875 0.041666666666666664 0.0341796875
0 0.265625 0.58203125 0.044270833333333336 0.041015625
1 0.3248697916666667 0.5810546875 0.053385416666666664 0.046875
0 0.4388020833333333 0.56689453125 0.057291666666666664 0.0537109375
0 0.3411458333333333 0.5224609375 0.0546875 0.04296875
0 0.3671875 0.48291015625 0.0390625 0.0302734375
0 0.6002604166666666 0.51611328125 0.0390625 0.0400390625
0 0.6243489583333334 0.611328125 0.055989583333333336 0.060546875
0 0.7220052083333334 0.53759765625 0.061197916666666664 0.0498046875
0 0.796875 0.55419921875 0.057291666666666664 0.0458984375
0 0.6380208333333334 0.462890625 0.033854166666666664 0.02734375
0 0.5598958333333334 0.45068359375 0.028645833333333332 0.0263671875
0 0.533203125 0.47802734375 0.040364583333333336 0.0361328125
0 0.5423177083333334 0.357421875 0.024739583333333332 0.021484375
0 0.6328125 0.43994140625 0.03125 0.0205078125
0 0.68359375 0.45654296875 0.033854166666666664 0.0283203125
0 0.5084635416666666 0.39306640625 0.024739583333333332 0.0185546875
0 0.5494791666666666 0.31689453125 0.015625 0.0126953125
