1 0.8473557692307693 0.3605769230769231 0.16105769230769232 0.18269230769230768
1 0.3329326923076923 0.41586538461538464 0.06490384615384616 0.07692307692307693
1 0.484375 0.38341346153846156 0.0889423076923077 0.10817307692307693
1 0.6466346153846154 0.4206730769230769 0.12980769230769232 0.14423076923076922
1 0.47115384615384615 0.44471153846153844 0.0673076923076923 0.07692307692307693
1 0.29086538461538464 0.4543269230769231 0.057692307692307696 0.057692307692307696
1 0.2608173076923077 0.44471153846153844 0.04567307692307692 0.057692307692307696
1 0.22355769230769232 0.4495192307692308 0.057692307692307696 0.0625
1 0.17548076923076922 0.4411057692307692 0.038461538461538464 0.040865384615384616
1 0.13701923076923078 0.45552884615384615 0.04326923076923077 0.04567307692307692
1 0.7848557692307693 0.4074519230769231 0.06971153846153846 0.06971153846153846
1 0.8461538461538461 0.04447115384615385 0.16346153846153846 0.0889423076923077
1 0.4831730769230769 0.014423076923076924 0.09134615384615384 0.028846153846153848
