1 0.8317307692307693 0.3204819277108434 0.08173076923076923 0.10120481927710843
1 0.1141826923076923 0.3325301204819277 0.06971153846153846 0.09156626506024096
1 0.6298076923076923 0.3433734939759036 0.0673076923076923 0.0891566265060241
1 0.3449519230769231 0.3385542168674699 0.06490384615384616 0.0891566265060241
1 0.5060096153846154 0.3481927710843373 0.06009615384615385 0.09397590361445783
1 0.4579326923076923 0.3397590361445783 0.05048076923076923 0.08674698795180723
1 0.7055288461538461 0.3746987951807229 0.04567307692307692 0.05542168674698795
0 0.21995192307692307 0.344578313253012 0.06490384615384616 0.06746987951807229
0 0.2800480769230769 0.3457831325301205 0.040865384615384616 0.05060240963855422
1 0.7524038461538461 0.36987951807228914 0.038461538461538464 0.05542168674698795
0 0.14903846153846154 0.3397590361445783 0.038461538461538464 0.05301204819277108
0 0.07692307692307693 0.35542168674698793 0.038461538461538464 0.06987951807228916
0 0.5721153846153846 0.35903614457831323 0.038461538461538464 0.033734939759036145
0 0.41346153846153844 0.3506024096385542 0.03365384615384615 0.04096385542168675
1 0.8329326923076923 0.03253012048192771 0.08413461538461539 0.06506024096385542
1 0.11298076923076923 0.024096385542168676 0.07211538461538461 0.04819277108433735
1 0.6310096153846154 0.018072289156626505 0.06971153846153846 0.03614457831325301
1 0.34375 0.020481927710843374 0.0673076923076923 0.04096385542168675
1 0.5048076923076923 0.016867469879518072 0.0625 0.033734939759036145
1 0.4567307692307692 0.01927710843373494 0.052884615384615384 0.03855421686746988
0 0.21875 0.012048192771084338 0.0673076923076923 0.024096385542168676
0 0.27884615384615385 0.007228915662650603 0.04326923076923077 0.014457831325301205
0 0.1502403846153846 0.010843373493975903 0.040865384615384616 0.021686746987951807
0 0.078125 0.007228915662650603 0.040865384615384616 0.014457831325301205
