1 0.04326923076923077 0.39036144578313253 0.038461538461538464 0.03855421686746988
1 0.2644230769230769 0.4 0.038461538461538464 0.043373493975903614
1 0.84375 0.3493975903614458 0.0625 0.0819277108433735
1 0.9867788461538461 0.3457831325301205 0.021634615384615384 0.09397590361445783
1 0.6911057692307693 0.37710843373493974 0.05048076923076923 0.0746987951807229
1 0.7319711538461539 0.3686746987951807 0.04567307692307692 0.06746987951807229
1 0.5889423076923077 0.3710843373493976 0.052884615384615384 0.07710843373493977
1 0.6310096153846154 0.3686746987951807 0.036057692307692304 0.06265060240963856
1 0.49278846153846156 0.38072289156626504 0.04807692307692308 0.06265060240963856
1 0.31971153846153844 0.40481927710843374 0.02403846153846154 0.03855421686746988
1 0.35096153846153844 0.42409638554216866 0.03365384615384615 0.043373493975903614
1 0.3545673076923077 0.38072289156626504 0.03125 0.043373493975903614
1 0.3918269230769231 0.4108433734939759 0.038461538461538464 0.05060240963855422
1 0.4387019230769231 0.38072289156626504 0.05048076923076923 0.06265060240963856
1 0.5336538461538461 0.3783132530120482 0.03365384615384615 0.05783132530120482
1 0.8449519230769231 0.01325301204819277 0.06490384615384616 0.02650602409638554
1 0.9855769230769231 0.018072289156626505 0.02403846153846154 0.03614457831325301
