1 0.27884615384615385 0.4457831325301205 0.04326923076923077 0.043373493975903614
1 0.3641826923076923 0.4795180722891566 0.04567307692307692 0.043373493975903614
1 0.5060096153846154 0.43253012048192774 0.040865384615384616 0.04578313253012048
1 0.8112980769230769 0.3216867469879518 0.026442307692307692 0.03614457831325301
0 0.12740384615384615 0.6686746987951807 0.07211538461538461 0.04578313253012048
0 0.17908653846153846 0.4975903614457831 0.04567307692307692 0.04096385542168675
0 0.07692307692307693 0.5939759036144578 0.057692307692307696 0.060240963855421686
0 0.12740384615384615 0.619277108433735 0.0673076923076923 0.05301204819277108
0 0.25961538461538464 0.5144578313253012 0.04807692307692308 0.04578313253012048
0 0.3329326923076923 0.536144578313253 0.055288461538461536 0.04578313253012048
0 0.4387019230769231 0.5120481927710844 0.055288461538461536 0.05542168674698795
0 0.5588942307692307 0.4530120481927711 0.055288461538461536 0.04819277108433735
0 0.6322115384615384 0.3216867469879518 0.03365384615384615 0.03132530120481928
0 0.6875 0.3204819277108434 0.028846153846153848 0.024096385542168676
1 0.5961538461538461 0.35903614457831323 0.03365384615384615 0.033734939759036145
1 0.7692307692307693 0.3168674698795181 0.03365384615384615 0.03132530120481928
