0 0.8713942307692307 0.5096153846153846 0.06009615384615385 0.0673076923076923
0 0.22716346153846154 0.49038461538461536 0.055288461538461536 0.0673076923076923
0 0.5913461538461539 0.5168269230769231 0.057692307692307696 0.0673076923076923
0 0.41586538461538464 0.5012019230769231 0.057692307692307696 0.06490384615384616
0 0.042067307692307696 0.4879807692307692 0.04567307692307692 0.057692307692307696
0 0.18269230769230768 0.49278846153846156 0.03365384615384615 0.052884615384615384
0 0.33774038461538464 0.4807692307692308 0.040865384615384616 0.057692307692307696
0 0.375 0.4735576923076923 0.04326923076923077 0.057692307692307696
0 0.5108173076923077 0.5144230769230769 0.05048076923076923 0.057692307692307696
0 0.5504807692307693 0.5 0.03365384615384615 0.052884615384615384
0 0.6646634615384616 0.49759615384615385 0.04567307692307692 0.052884615384615384
0 0.7403846153846154 0.5084134615384616 0.052884615384615384 0.06490384615384616
