1 0.6959134615384616 0.3605769230769231 0.18028846153846154 0.20673076923076922
0 0.4951923076923077 0.3557692307692308 0.15384615384615385 0.1971153846153846
0 0.8858173076923077 0.3473557692307692 0.06490384615384616 0.06971153846153846
0 0.8557692307692307 0.30288461538461536 0.04326923076923077 0.052884615384615384
0 0.796875 0.34375 0.04567307692307692 0.052884615384615384
0 0.6105769230769231 0.3329326923076923 0.038461538461538464 0.05048076923076923
1 0.6947115384615384 0.040865384615384616 0.18269230769230768 0.08173076923076923
0 0.4963942307692308 0.040865384615384616 0.15625 0.08173076923076923
0 0.8846153846153846 0.013221153846153846 0.0673076923076923 0.026442307692307692
0 0.8557692307692307 0.03365384615384615 0.04326923076923077 0.052884615384615384
0 0.7956730769230769 0.010817307692307692 0.04807692307692308 0.021634615384615384
0 0.6117788461538461 0.015625 0.040865384615384616 0.03125
