1 0.8981132075471698 0.33994334277620397 0.1471698113207547 0.29461756373937675
0 0.6679245283018868 0.3286118980169972 0.08679245283018867 0.14730878186968838
0 0.519811320754717 0.40509915014164305 0.062264150943396226 0.13031161473087818
0 0.3594339622641509 0.4121813031161473 0.05471698113207547 0.11614730878186968
0 0.4349056603773585 0.45042492917847027 0.02830188679245283 0.056657223796033995
0 0.25471698113207547 0.43059490084985835 0.07924528301886792 0.14730878186968838
0 0.2037735849056604 0.4603399433427762 0.04150943396226415 0.08781869688385269
0 0.1481132075471698 0.4461756373937677 0.05471698113207547 0.1048158640226629
0 0.11509433962264151 0.47592067988668557 0.03018867924528302 0.07365439093484419
0 0.024528301886792454 0.48158640226628896 0.04150943396226415 0.10764872521246459
0 0.5575471698113208 0.4376770538243626 0.035849056603773584 0.059490084985835696
