1 0.26416666666666666 0.4411111111111111 0.041666666666666664 0.06444444444444444
1 0.37333333333333335 0.4777777777777778 0.03 0.05333333333333334
1 0.4225 0.43555555555555553 0.03833333333333333 0.06222222222222222
1 0.47583333333333333 0.44 0.028333333333333332 0.06666666666666667
1 0.5458333333333333 0.4311111111111111 0.035 0.07111111111111111
1 0.6633333333333333 0.4211111111111111 0.043333333333333335 0.07333333333333333
1 0.6975 0.4255555555555556 0.035 0.06
1 0.18916666666666668 0.44666666666666666 0.041666666666666664 0.07555555555555556
1 0.8325 0.39444444444444443 0.04833333333333333 0.08222222222222222
0 0.7466666666666667 0.3055555555555556 0.023333333333333334 0.03777777777777778
1 0.4583333333333333 0.4633333333333333 0.013333333333333334 0.028888888888888888
1 0.5216666666666666 0.4677777777777778 0.016666666666666666 0.024444444444444446
1 0.6241666666666666 0.4888888888888889 0.008333333333333333 0.017777777777777778
