1 0.4326923076923077 0.49759615384615385 0.03365384615384615 0.038461538461538464
1 0.43028846153846156 0.23798076923076922 0.028846153846153848 0.04326923076923077
1 0.5649038461538461 0.6706730769230769 0.03365384615384615 0.038461538461538464
1 0.6286057692307693 0.24519230769230768 0.03125 0.038461538461538464
1 0.04567307692307692 0.7716346153846154 0.02403846153846154 0.03365384615384615
1 0.6802884615384616 0.7824519230769231 0.03365384615384615 0.03125
1 0.43149038461538464 0.018028846153846152 0.03125 0.036057692307692304
1 0.6274038461538461 0.013221153846153846 0.03365384615384615 0.026442307692307692
1 0.04567307692307692 0.9783653846153846 0.02403846153846154 0.03365384615384615
1 0.6802884615384616 0.9699519230769231 0.03365384615384615 0.03125
