1 0.12259615384615384 0.40843373493975904 0.0625 0.0746987951807229
1 0.765625 0.42409638554216866 0.055288461538461536 0.06746987951807229
1 0.4651442307692308 0.43493975903614457 0.05048076923076923 0.060240963855421686
1 0.6009615384615384 0.43855421686746987 0.052884615384615384 0.05783132530120482
1 0.32572115384615385 0.43614457831325304 0.05048076923076923 0.06265060240963856
1 0.2620192307692308 0.43373493975903615 0.04326923076923077 0.05301204819277108
1 0.2920673076923077 0.43614457831325304 0.021634615384615384 0.04819277108433735
1 0.171875 0.45542168674698796 0.040865384615384616 0.04819277108433735
1 0.40865384615384615 0.44096385542168676 0.04326923076923077 0.05783132530120482
1 0.9254807692307693 0.44096385542168676 0.04807692307692308 0.05783132530120482
