1 0.202734375 0.474025974025974 0.04609375 0.08146399055489964
1 0.4171875 0.436245572609209 0.0546875 0.11452184179456906
1 0.734375 0.43388429752066116 0.0375 0.06493506493506493
1 0.69609375 0.4592680047225502 0.034375 0.05194805194805195
1 0.573046875 0.45985832349468714 0.02890625 0.05548996458087367
1 0.596875 0.47107438016528924 0.01875 0.0448642266824085
1 0.923046875 0.4244391971664699 0.06015625 0.1050767414403778
1 0.877734375 0.44214876033057854 0.04140625 0.0743801652892562
1 0.664453125 0.43211334120425027 0.03828125 0.08028335301062574
1 0.62109375 0.44037780401416765 0.05 0.09917355371900827
1 0.260546875 0.4793388429752066 0.06015625 0.10153482880755609
1 0.8203125 0.4002361275088548 0.0703125 0.12278630460448642
