1 0.11778846153846154 0.21927710843373494 0.11538461538461539 0.0963855421686747
1 0.3389423076923077 0.3373493975903614 0.04807692307692308 0.05783132530120482
1 0.5012019230769231 0.43373493975903615 0.055288461538461536 0.05783132530120482
1 0.43990384615384615 0.25060240963855424 0.052884615384615384 0.05783132530120482
1 0.5204326923076923 0.26024096385542167 0.040865384615384616 0.04819277108433735
1 0.5685096153846154 0.25542168674698795 0.04567307692307692 0.06265060240963856
1 0.11778846153846154 0.1180722891566265 0.11538461538461539 0.0963855421686747
1 0.3401442307692308 0.01566265060240964 0.05048076923076923 0.03132530120481928
1 0.43990384615384615 0.08674698795180723 0.052884615384615384 0.05783132530120482
1 0.5204326923076923 0.07710843373493977 0.040865384615384616 0.04819277108433735
1 0.5685096153846154 0.0819277108433735 0.04567307692307692 0.06265060240963856
