1 0.08349609375 0.3732638888888889 0.0595703125 0.11458333333333333
1 0.30419921875 0.375 0.0595703125 0.1111111111111111
1 0.4384765625 0.3611111111111111 0.0546875 0.12152777777777778
1 0.767578125 0.4366319444444444 0.0546875 0.11979166666666667
1 0.68359375 0.6414930555555556 0.044921875 0.11631944444444445
1 0.57470703125 0.6388888888888888 0.0537109375 0.12152777777777778
0 0.44921875 0.5546875 0.048828125 0.10243055555555555
0 0.32958984375 0.6397569444444444 0.0556640625 0.11979166666666667
1 0.8740234375 0.3098958333333333 0.05859375 0.1267361111111111
1 0.91748046875 0.5138888888888888 0.0341796875 0.10416666666666667
