1 0.9807692307692307 0.5472279260780287 0.03050397877984085 0.059548254620123205
1 0.876657824933687 0.528747433264887 0.04774535809018567 0.08008213552361396
1 0.8282493368700266 0.5277207392197125 0.027851458885941646 0.045174537987679675
1 0.7751989389920424 0.5379876796714579 0.027851458885941646 0.04106776180698152
1 0.7062334217506632 0.5451745379876797 0.038461538461538464 0.055441478439425054
1 0.6730769230769231 0.5236139630390144 0.03050397877984085 0.053388090349075976
1 0.6193633952254642 0.5318275154004107 0.026525198938992044 0.053388090349075976
1 0.7360742705570292 0.528747433264887 0.026525198938992044 0.039014373716632446
1 0.5457559681697612 0.5297741273100616 0.027851458885941646 0.053388090349075976
1 0.5603448275862069 0.5318275154004107 0.014588859416445624 0.04106776180698152
1 0.4986737400530504 0.5379876796714579 0.03183023872679045 0.053388090349075976
1 0.5119363395225465 0.5195071868583162 0.021220159151193633 0.049281314168377825
1 0.4403183023872679 0.5225872689938398 0.021220159151193633 0.043121149897330596
1 0.41909814323607425 0.5236139630390144 0.029177718832891247 0.045174537987679675
1 0.383289124668435 0.5277207392197125 0.029177718832891247 0.049281314168377825
1 0.34615384615384615 0.5277207392197125 0.023872679045092837 0.045174537987679675
1 0.32427055702917773 0.5225872689938398 0.025198938992042442 0.04722792607802875
1 0.29442970822281167 0.5308008213552361 0.021220159151193633 0.043121149897330596
1 0.246684350132626 0.5174537987679672 0.03978779840848806 0.061601642710472276
1 0.21485411140583555 0.5133470225872689 0.026525198938992044 0.053388090349075976
1 0.1942970822281167 0.5102669404517454 0.017241379310344827 0.030800821355236138
1 0.17108753315649866 0.5102669404517454 0.013262599469496022 0.030800821355236138
1 0.16379310344827586 0.5246406570841889 0.017241379310344827 0.030800821355236138
1 0.10477453580901856 0.5154004106776181 0.013262599469496022 0.024640657084188913
1 0.025198938992042442 0.5174537987679672 0.013262599469496022 0.024640657084188913
