0 0.10416666666666667 0.56125 0.10833333333333334 0.2225
0 0.19166666666666668 0.39625 0.056666666666666664 0.0875
0 0.2891666666666667 0.48 0.10166666666666667 0.18
0 0.2725 0.7075 0.13833333333333334 0.225
0 0.3491666666666667 0.455 0.06833333333333333 0.15
0 0.49416666666666664 0.25125 0.13833333333333334 0.2625
0 0.725 0.3875 0.06666666666666667 0.115
0 0.8366666666666667 0.575 0.12 0.225
0 0.7783333333333333 0.54125 0.11 0.1825
0 0.89 0.50125 0.09333333333333334 0.1625
0 0.9491666666666667 0.4175 0.07166666666666667 0.12
