0 0.09375 0.45913461538461536 0.0673076923076923 0.07692307692307693
0 0.5757211538461539 0.4050480769230769 0.055288461538461536 0.06971153846153846
0 0.24278846153846154 0.4026442307692308 0.052884615384615384 0.07451923076923077
0 0.8713942307692307 0.40625 0.055288461538461536 0.0673076923076923
0 0.17427884615384615 0.4326923076923077 0.04567307692307692 0.0625
0 0.34375 0.421875 0.03365384615384615 0.05048076923076923
0 0.4495192307692308 0.43028846153846156 0.057692307692307696 0.0673076923076923
0 0.28966346153846156 0.43028846153846156 0.04567307692307692 0.052884615384615384
0 0.7067307692307693 0.4110576923076923 0.04807692307692308 0.0625
0 0.6706730769230769 0.3894230769230769 0.038461538461538464 0.04807692307692308
0 0.9399038461538461 0.4074519230769231 0.03365384615384615 0.055288461538461536
