1 0.07105263157894737 0.2509090909090909 0.05087719298245614 0.12363636363636364
1 0.12894736842105264 0.3018181818181818 0.05087719298245614 0.12363636363636364
1 0.2043859649122807 0.2818181818181818 0.054385964912280704 0.13454545454545455
1 0.27807017543859647 0.31636363636363635 0.05087719298245614 0.13818181818181818
1 0.3368421052631579 0.2690909090909091 0.042105263157894736 0.14545454545454545
1 0.38421052631578945 0.24909090909090909 0.056140350877192984 0.14909090909090908
1 0.47017543859649125 0.26181818181818184 0.06315789473684211 0.15272727272727274
1 0.593859649122807 0.29818181818181816 0.06491228070175438 0.16
1 0.7105263157894737 0.3145454545454546 0.07017543859649122 0.18545454545454546
1 0.8614035087719298 0.25272727272727274 0.09473684210526316 0.23636363636363636
