1 0.38387096774193546 0.4746136865342163 0.08064516129032258 0.13245033112582782
1 0.45725806451612905 0.543046357615894 0.07903225806451612 0.11479028697571744
1 0.5395161290322581 0.4105960264900662 0.06290322580645161 0.11920529801324503
1 0.6459677419354839 0.4194260485651214 0.07258064516129033 0.11037527593818984
1 0.8016129032258065 0.24613686534216336 0.02903225806451613 0.05077262693156733
1 0.6620967741935484 0.2582781456953642 0.027419354838709678 0.052980132450331126
1 0.23870967741935484 0.23178807947019867 0.03225806451612903 0.05739514348785872
1 0.1532258064516129 0.24944812362030905 0.02903225806451613 0.05739514348785872
1 0.10564516129032259 0.23730684326710816 0.027419354838709678 0.05518763796909492
1 0.07741935483870968 0.23399558498896247 0.03225806451612903 0.052980132450331126
