0 0.5060096153846154 0.36626506024096384 0.0889423076923077 0.10602409638554217
0 0.8076923076923077 0.3650602409638554 0.09134615384615384 0.10361445783132531
0 0.06610576923076923 0.3397590361445783 0.0985576923076923 0.13012048192771083
0 0.34375 0.3650602409638554 0.07211538461538461 0.09879518072289156
0 0.14903846153846154 0.344578313253012 0.10576923076923077 0.1108433734939759
0 0.6838942307692307 0.3325301204819277 0.09375 0.13012048192771083
0 0.5048076923076923 0.010843373493975903 0.09134615384615384 0.021686746987951807
0 0.8088942307692307 0.010843373493975903 0.09375 0.021686746987951807
0 0.06490384615384616 0.030120481927710843 0.10096153846153846 0.060240963855421686
0 0.3449519230769231 0.00963855421686747 0.07451923076923077 0.01927710843373494
0 0.1502403846153846 0.02289156626506024 0.10817307692307693 0.04578313253012048
0 0.6826923076923077 0.033734939759036145 0.09615384615384616 0.06746987951807229
