0 0.3333333333333333 0.6181102362204725 0.04 0.07874015748031496
1 0.06111111111111111 0.5767716535433071 0.042222222222222223 0.08267716535433071
1 0.10666666666666667 0.1968503937007874 0.035555555555555556 0.06299212598425197
1 0.44333333333333336 0.07677165354330709 0.03333333333333333 0.06692913385826772
1 0.4255555555555556 0.2578740157480315 0.03333333333333333 0.06692913385826772
1 0.9622222222222222 0.1515748031496063 0.035555555555555556 0.07480314960629922
1 0.8666666666666667 0.06496062992125984 0.03111111111111111 0.05905511811023622
1 0.7233333333333334 0.05511811023622047 0.03777777777777778 0.07086614173228346
1 0.84 0.5767716535433071 0.03111111111111111 0.08267716535433071
1 0.6844444444444444 0.8464566929133859 0.04 0.07874015748031496
1 0.1622222222222222 0.0984251968503937 0.02666666666666667 0.06299212598425197
1 0.92 0.15748031496062992 0.02666666666666667 0.06299212598425197
