1 0.5581632653061225 0.2713248638838475 0.022448979591836733 0.041742286751361164
1 0.5831632653061225 0.3021778584392015 0.019387755102040816 0.04900181488203267
1 0.6596938775510204 0.3030852994555354 0.02142857142857143 0.050816696914700546
1 0.5581632653061225 0.40834845735027225 0.022448979591836733 0.043557168784029036
1 0.5698979591836735 0.5036297640653358 0.02142857142857143 0.04900181488203267
1 0.5954081632653061 0.5980036297640653 0.02142857142857143 0.045372050816696916
1 0.564795918367347 0.7686025408348457 0.03775510204081633 0.06715063520871144
1 0.676530612244898 0.5698729582577132 0.022448979591836733 0.043557168784029036
1 0.7030612244897959 0.604355716878403 0.022448979591836733 0.047186932849364795
1 0.725 0.6143375680580763 0.025510204081632654 0.04900181488203267
1 0.7811224489795918 0.6515426497277677 0.027551020408163266 0.0544464609800363
1 0.6346938775510204 0.588929219600726 0.022448979591836733 0.038112522686025406
1 0.6709183673469388 0.7459165154264973 0.03163265306122449 0.06170598911070781
1 0.8158163265306122 0.7985480943738656 0.03775510204081633 0.07259528130671507
1 0.8357142857142857 0.6869328493647913 0.026530612244897958 0.056261343012704176
1 0.9025510204081633 0.6869328493647913 0.02959183673469388 0.056261343012704176
