1 0.03636363636363636 0.37976539589442815 0.03636363636363636 0.06744868035190615
1 0.1481818181818182 0.3093841642228739 0.056363636363636366 0.12609970674486803
1 0.2636363636363636 0.27712609970674484 0.05454545454545454 0.10263929618768329
1 0.2927272727272727 0.30791788856304986 0.04 0.07038123167155426
1 0.37454545454545457 0.2287390029325513 0.08 0.15835777126099707
1 0.48545454545454547 0.22434017595307917 0.08727272727272728 0.18475073313782991
1 0.5618181818181818 0.27126099706744866 0.06181818181818182 0.12023460410557185
1 0.6772727272727272 0.3313782991202346 0.034545454545454546 0.07624633431085044
1 0.7490909090909091 0.24193548387096775 0.06545454545454546 0.12609970674486803
1 0.8690909090909091 0.2434017595307918 0.08 0.1348973607038123
1 0.9536363636363636 0.31085043988269795 0.038181818181818185 0.08211143695014662
