1 0.579 0.6793587174348698 0.066 0.08016032064128256
1 0.752 0.6703406813627254 0.052 0.07014028056112225
1 0.88 0.6713426853707415 0.048 0.06412825651302605
0 0.825 0.6963927855711423 0.074 0.0781563126252505
0 0.972 0.6803607214428857 0.044 0.05811623246492986
0 0.791 0.12124248496993988 0.146 0.15831663326653306
1 0.66 0.06913827655310621 0.084 0.1062124248496994
1 0.463 0.08517034068136273 0.098 0.11823647294589178
1 0.336 0.07715430861723446 0.06 0.07414829659318638
1 0.259 0.13226452905811623 0.166 0.1963927855711423
0 0.157 0.1372745490981964 0.082 0.12224448897795591
1 0.064 0.14829659318637275 0.124 0.2925851703406814
1 0.094 0.6723446893787575 0.044 0.05410821643286573
1 0.329 0.6753507014028056 0.046 0.052104208416833664
1 0.423 0.687374749498998 0.05 0.06012024048096192
0 0.383 0.7384769539078156 0.074 0.09018036072144289
