1 0.10697115384615384 0.4674698795180723 0.06971153846153846 0.0819277108433735
1 0.16947115384615385 0.42048192771084336 0.05048076923076923 0.06987951807228916
1 0.23076923076923078 0.4542168674698795 0.057692307692307696 0.07951807228915662
1 0.4074519230769231 0.45903614457831327 0.06490384615384616 0.0891566265060241
1 0.21033653846153846 0.37710843373493974 0.055288461538461536 0.060240963855421686
1 0.24639423076923078 0.3397590361445783 0.055288461538461536 0.05783132530120482
1 0.3076923076923077 0.3385542168674699 0.04807692307692308 0.060240963855421686
1 0.46875 0.3060240963855422 0.04807692307692308 0.05783132530120482
1 0.49759615384615385 0.3686746987951807 0.04807692307692308 0.07710843373493977
1 0.5192307692307693 0.44216867469879517 0.057692307692307696 0.07951807228915662
1 0.5721153846153846 0.4783132530120482 0.0673076923076923 0.0891566265060241
1 0.5697115384615384 0.3265060240963855 0.052884615384615384 0.06987951807228916
1 0.7403846153846154 0.45542168674698796 0.057692307692307696 0.07228915662650602
1 0.6971153846153846 0.40240963855421685 0.052884615384615384 0.06265060240963856
1 0.8918269230769231 0.4807228915662651 0.08173076923076923 0.09879518072289156
1 0.24519230769230768 0.012048192771084338 0.057692307692307696 0.024096385542168676
1 0.3088942307692308 0.01325301204819277 0.05048076923076923 0.02650602409638554
1 0.4699519230769231 0.02891566265060241 0.05048076923076923 0.05783132530120482
1 0.5709134615384616 0.021686746987951807 0.055288461538461536 0.043373493975903614
