0 0.16551724137931034 0.30603448275862066 0.03793103448275862 0.09482758620689655
1 0.20689655172413793 0.2974137931034483 0.04482758620689655 0.09482758620689655
1 0.25775862068965516 0.29454022988505746 0.04310344827586207 0.09482758620689655
1 0.3146551724137931 0.32471264367816094 0.039655172413793106 0.08620689655172414
1 0.3629310344827586 0.3218390804597701 0.039655172413793106 0.08620689655172414
1 0.4025862068965517 0.3074712643678161 0.04310344827586207 0.09195402298850575
1 0.44482758620689655 0.3103448275862069 0.04482758620689655 0.09770114942528736
1 0.5146551724137931 0.3017241379310345 0.04655172413793104 0.10344827586206896
1 0.5577586206896552 0.29310344827586204 0.04310344827586207 0.09195402298850575
1 0.621551724137931 0.33189655172413796 0.039655172413793106 0.07758620689655173
1 0.6560344827586206 0.27873563218390807 0.039655172413793106 0.09770114942528736
1 0.7060344827586207 0.3261494252873563 0.039655172413793106 0.08908045977011494
1 0.753448275862069 0.33189655172413796 0.041379310344827586 0.10632183908045977
1 0.8094827586206896 0.34195402298850575 0.039655172413793106 0.09195402298850575
1 0.85 0.3204022988505747 0.041379310344827586 0.09482758620689655
