1 0.82 0.3303303303303303 0.064 0.11411411411411411
1 0.755 0.3588588588588589 0.026 0.04504504504504504
1 0.706 0.3768768768768769 0.06 0.12312312312312312
1 0.67 0.3588588588588589 0.02 0.04504504504504504
1 0.602 0.33183183183183185 0.036 0.06906906906906907
1 0.423 0.3078078078078078 0.05 0.0990990990990991
1 0.355 0.35135135135135137 0.038 0.07207207207207207
1 0.556 0.36786786786786785 0.02 0.03903903903903904
1 0.287 0.30180180180180183 0.058 0.10510510510510511
1 0.217 0.36036036036036034 0.042 0.07807807807807808
1 0.053 0.3483483483483483 0.046 0.07807807807807808
0 0.119 0.34234234234234234 0.034 0.05405405405405406
