1 0.5091666666666667 0.3849056603773585 0.04666666666666667 0.08553459119496855
1 0.6129166666666667 0.37610062893081764 0.0475 0.0779874213836478
1 0.47583333333333333 0.6408805031446541 0.06666666666666667 0.10943396226415095
1 0.3954166666666667 0.31257861635220124 0.0525 0.09433962264150944
1 0.3416666666666667 0.2238993710691824 0.03833333333333333 0.07547169811320754
1 0.5070833333333333 0.31572327044025156 0.035833333333333335 0.06289308176100629
1 0.2658333333333333 0.23522012578616353 0.035 0.08050314465408805
1 0.16083333333333333 0.43522012578616354 0.095 0.15849056603773584
1 0.7341666666666666 0.5930817610062893 0.08 0.10943396226415095
1 0.8025 0.8150943396226416 0.058333333333333334 0.11320754716981132
