1 0.8870192307692307 0.35096153846153844 0.08173076923076923 0.11057692307692307
1 0.22956730769230768 0.3641826923076923 0.09375 0.11778846153846154
1 0.13581730769230768 0.3233173076923077 0.14182692307692307 0.18509615384615385
1 0.35096153846153844 0.3485576923076923 0.10576923076923077 0.15384615384615385
1 0.47716346153846156 0.3401442307692308 0.07451923076923077 0.09375
1 0.021634615384615384 0.38341346153846156 0.04326923076923077 0.09375
0 0.5901442307692307 0.3449519230769231 0.09375 0.10817307692307693
0 0.7728365384615384 0.31971153846153844 0.11778846153846154 0.15384615384615385
0 0.7199519230769231 0.35697115384615385 0.06009615384615385 0.10817307692307693
1 0.6658653846153846 0.3485576923076923 0.04807692307692308 0.08173076923076923
0 0.2848557692307692 0.3557692307692308 0.04567307692307692 0.09615384615384616
