1 0.25 0.4566265060240964 0.15865384615384615 0.14698795180722893
1 0.6141826923076923 0.7409638554216867 0.17548076923076922 0.17590361445783131
1 0.7331730769230769 0.42409638554216866 0.16346153846153846 0.15421686746987953
1 0.8509615384615384 0.28313253012048195 0.15384615384615385 0.1855421686746988
1 0.6334134615384616 0.5746987951807229 0.1466346153846154 0.14698795180722893
1 0.9483173076923077 0.40481927710843374 0.0985576923076923 0.17349397590361446
1 0.6887019230769231 0.3228915662650602 0.13221153846153846 0.14457831325301204
1 0.28365384615384615 0.6493975903614457 0.17307692307692307 0.15180722891566265
1 0.9447115384615384 0.6481927710843374 0.10576923076923077 0.1927710843373494
0 0.43509615384615385 0.4855421686746988 0.13942307692307693 0.12771084337349398
0 0.7680288461538461 0.6614457831325301 0.14182692307692307 0.1566265060240964
1 0.6129807692307693 0.9180722891566265 0.1778846153846154 0.15903614457831325
1 0.8521634615384616 0.07228915662650602 0.15625 0.14457831325301204
1 0.6875 0.04216867469879518 0.1346153846153846 0.08433734939759036
1 0.2848557692307692 0.9698795180722891 0.17548076923076922 0.05542168674698795
1 0.9459134615384616 0.9602409638554217 0.10817307692307693 0.0746987951807229
0 0.7668269230769231 0.9626506024096385 0.14423076923076922 0.06987951807228916
