0 0.36875 0.8820023837902264 0.0125 0.021454112038140644
0 0.42375 0.9034564958283671 0.014166666666666666 0.023837902264600714
1 0.5 0.8682955899880811 0.013333333333333334 0.02264600715137068
0 0.5029166666666667 0.7747318235995232 0.009166666666666667 0.0166865315852205
0 0.47791666666666666 0.7616209773539928 0.009166666666666667 0.014302741358760428
1 0.4875 0.767580452920143 0.01 0.0166865315852205
1 0.5516666666666666 0.766984505363528 0.008333333333333333 0.013110846245530394
1 0.5929166666666666 0.7240762812872468 0.0075 0.013110846245530394
1 0.6020833333333333 0.7532777115613826 0.0075 0.014302741358760428
0 0.6033333333333334 0.7264600715137068 0.006666666666666667 0.013110846245530394
0 0.5520833333333334 0.7145411203814065 0.005833333333333334 0.010727056019070322
1 0.5458333333333333 0.6722288438617402 0.006666666666666667 0.009535160905840286
1 0.5833333333333334 0.6716328963051251 0.006666666666666667 0.010727056019070322
0 0.40541666666666665 0.6847437425506555 0.0075 0.013110846245530394
0 0.8066666666666666 0.7741358760429082 0.01 0.015494636471990465
0 0.7241666666666666 0.9243146603098927 0.015 0.02264600715137068
