1 0.30408653846153844 0.40865384615384615 0.07932692307692307 0.09134615384615384
1 0.4050480769230769 0.39663461538461536 0.06009615384615385 0.08173076923076923
1 0.20793269230769232 0.37740384615384615 0.10336538461538461 0.11538461538461539
1 0.5444711538461539 0.40865384615384615 0.05048076923076923 0.0625
1 0.7295673076923077 0.4050480769230769 0.09375 0.10817307692307693
1 0.47836538461538464 0.39903846153846156 0.04807692307692308 0.07211538461538461
1 0.030048076923076924 0.4098557692307692 0.05048076923076923 0.06490384615384616
1 0.30288461538461536 0.036057692307692304 0.08173076923076923 0.07211538461538461
1 0.40384615384615385 0.039663461538461536 0.0625 0.07932692307692307
1 0.20673076923076922 0.057692307692307696 0.10576923076923077 0.11538461538461539
1 0.5432692307692307 0.028846153846153848 0.052884615384615384 0.057692307692307696
1 0.7283653846153846 0.042067307692307696 0.09615384615384616 0.08413461538461539
1 0.4795673076923077 0.036057692307692304 0.05048076923076923 0.07211538461538461
1 0.028846153846153848 0.028846153846153848 0.052884615384615384 0.057692307692307696
