1 0.39903846153846156 0.5048192771084338 0.1346153846153846 0.12771084337349398
0 0.07692307692307693 0.5096385542168674 0.12980769230769232 0.13734939759036144
0 0.24879807692307693 0.5120481927710844 0.10817307692307693 0.1180722891566265
0 0.039663461538461536 0.42891566265060244 0.06490384615384616 0.06265060240963856
0 0.6322115384615384 0.5156626506024097 0.04326923076923077 0.05783132530120482
0 0.7992788461538461 0.591566265060241 0.06971153846153846 0.0746987951807229
1 0.7992788461538461 0.4819277108433735 0.021634615384615384 0.033734939759036145
0 0.7319711538461539 0.5337349397590362 0.040865384615384616 0.04578313253012048
0 0.7764423076923077 0.5409638554216868 0.04807692307692308 0.04578313253012048
0 0.9086538461538461 0.4963855421686747 0.03365384615384615 0.043373493975903614
0 0.8173076923076923 0.5012048192771085 0.028846153846153848 0.033734939759036145
0 0.7512019230769231 0.491566265060241 0.026442307692307692 0.02891566265060241
