0 0.16826923076923078 0.4074519230769231 0.08173076923076923 0.0985576923076923
0 0.3004807692307692 0.41947115384615385 0.11057692307692307 0.11778846153846154
0 0.44350961538461536 0.38461538461538464 0.07451923076923077 0.09134615384615384
0 0.6706730769230769 0.4074519230769231 0.11057692307692307 0.12740384615384615
0 0.9050480769230769 0.390625 0.07451923076923077 0.0985576923076923
0 0.16947115384615385 0.038461538461538464 0.08413461538461539 0.07692307692307693
0 0.3016826923076923 0.037259615384615384 0.11298076923076923 0.07451923076923077
0 0.44350961538461536 0.04807692307692308 0.07451923076923077 0.09134615384615384
0 0.671875 0.04567307692307692 0.11298076923076923 0.09134615384615384
0 0.9038461538461539 0.046875 0.07692307692307693 0.09375
