1 0.213125 0.43058161350844276 0.05125 0.09568480300187618
1 0.27875 0.4371482176360225 0.0525 0.0975609756097561
1 0.3375 0.38649155722326456 0.0475 0.07879924953095685
1 0.448125 0.39587242026266417 0.04875 0.0900562851782364
1 0.505625 0.38367729831144465 0.05625 0.10318949343339587
1 0.60125 0.40619136960600377 0.0525 0.08818011257035648
1 0.828125 0.37335834896810505 0.05875 0.10881801125703565
1 0.383125 0.34615384615384615 0.06125 0.11444652908067542
1 0.684375 0.36585365853658536 0.05125 0.1200750469043152
1 0.7325 0.36397748592870544 0.05 0.1050656660412758
