1 0.3209677419354839 0.7021276595744681 0.035483870967741936 0.06382978723404255
1 0.8338709677419355 0.8138297872340425 0.025806451612903226 0.05319148936170213
1 0.8959677419354839 0.6728723404255319 0.027419354838709678 0.05319148936170213
1 0.7290322580645161 0.6702127659574468 0.02258064516129032 0.03723404255319149
1 0.6766129032258065 0.6103723404255319 0.017741935483870968 0.034574468085106384
1 0.614516129032258 0.7353723404255319 0.03225806451612903 0.061170212765957445
1 0.5491935483870968 0.7446808510638298 0.027419354838709678 0.05851063829787234
1 0.39919354838709675 0.6688829787234043 0.024193548387096774 0.05053191489361702
1 0.442741935483871 0.6648936170212766 0.024193548387096774 0.05319148936170213
1 0.48870967741935484 0.6582446808510638 0.02258064516129032 0.05053191489361702
1 0.5435483870967742 0.6276595744680851 0.01935483870967742 0.0425531914893617
