1 0.4735576923076923 0.3542168674698795 0.0673076923076923 0.05783132530120482
1 0.6057692307692307 0.42891566265060244 0.0625 0.06746987951807229
1 0.24879807692307693 0.3819277108433735 0.05048076923076923 0.04096385542168675
1 0.23798076923076922 0.3192771084337349 0.04807692307692308 0.04578313253012048
1 0.29086538461538464 0.3265060240963855 0.038461538461538464 0.04096385542168675
1 0.3942307692307692 0.38795180722891565 0.038461538461538464 0.03855421686746988
1 0.5408653846153846 0.3542168674698795 0.04807692307692308 0.05301204819277108
1 0.47475961538461536 0.016867469879518072 0.06971153846153846 0.033734939759036145
1 0.23798076923076922 0.03975903614457831 0.04807692307692308 0.04578313253012048
1 0.29086538461538464 0.03253012048192771 0.038461538461538464 0.04096385542168675
1 0.5420673076923077 0.01566265060240964 0.05048076923076923 0.03132530120481928
