1 0.9146634615384616 0.34975961538461536 0.11298076923076923 0.14182692307692307
1 0.051682692307692304 0.39663461538461536 0.08413461538461539 0.09134615384615384
1 0.6346153846153846 0.3798076923076923 0.052884615384615384 0.09134615384615384
1 0.7487980769230769 0.3918269230769231 0.055288461538461536 0.08653846153846154
1 0.30528846153846156 0.39783653846153844 0.052884615384615384 0.06971153846153846
1 0.21634615384615385 0.39783653846153844 0.04807692307692308 0.06971153846153846
0 0.17427884615384615 0.3798076923076923 0.05048076923076923 0.0673076923076923
0 0.8016826923076923 0.38341346153846156 0.055288461538461536 0.0889423076923077
0 0.44350961538461536 0.4110576923076923 0.04567307692307692 0.07211538461538461
0 0.5552884615384616 0.40024038461538464 0.04326923076923077 0.07451923076923077
0 0.5 0.38341346153846156 0.038461538461538464 0.06490384615384616
1 0.25240384615384615 0.3605769230769231 0.03365384615384615 0.04807692307692308
0 0.39903846153846156 0.39302884615384615 0.04326923076923077 0.06490384615384616
