1 0.6646634615384616 0.3530120481927711 0.06490384615384616 0.08433734939759036
0 0.22716346153846154 0.3289156626506024 0.06490384615384616 0.0891566265060241
0 0.5504807692307693 0.3602409638554217 0.07211538461538461 0.0891566265060241
0 0.7944711538461539 0.3602409638554217 0.11298076923076923 0.13253012048192772
0 0.2932692307692308 0.3385542168674699 0.07211538461538461 0.09397590361445783
0 0.3918269230769231 0.2927710843373494 0.09615384615384616 0.12289156626506025
0 0.9387019230769231 0.3614457831325301 0.09375 0.11566265060240964
0 0.47716346153846156 0.3686746987951807 0.05048076923076923 0.06746987951807229
0 0.7451923076923077 0.3746987951807229 0.057692307692307696 0.10361445783132531
1 0.6634615384615384 0.012048192771084338 0.0673076923076923 0.024096385542168676
0 0.22596153846153846 0.02530120481927711 0.0673076923076923 0.05060240963855422
0 0.5516826923076923 0.00963855421686747 0.07451923076923077 0.01927710843373494
0 0.7932692307692307 0.020481927710843374 0.11538461538461539 0.04096385542168675
0 0.29447115384615385 0.021686746987951807 0.07451923076923077 0.043373493975903614
0 0.39302884615384615 0.051807228915662654 0.0985576923076923 0.10361445783132531
0 0.9375 0.01566265060240964 0.09615384615384616 0.03132530120481928
