1 0.134 0.4666666666666667 0.072 0.11733333333333333
1 0.22 0.484 0.044 0.072
1 0.283 0.49733333333333335 0.054 0.104
1 0.368 0.49866666666666665 0.048 0.08533333333333333
1 0.455 0.476 0.058 0.10933333333333334
1 0.517 0.5093333333333333 0.034 0.058666666666666666
1 0.554 0.504 0.028 0.042666666666666665
1 0.559 0.4653333333333333 0.026 0.034666666666666665
1 0.622 0.5093333333333333 0.04 0.064
1 0.691 0.5053333333333333 0.03 0.04533333333333334
0 0.659 0.484 0.026 0.04
0 0.845 0.4866666666666667 0.03 0.04533333333333334
0 0.776 0.5093333333333333 0.02 0.02666666666666667
0 0.743 0.49333333333333335 0.018 0.021333333333333333
