1 0.7439903846153846 0.515625 0.06490384615384616 0.07451923076923077
0 0.3112980769230769 0.5204326923076923 0.05048076923076923 0.06009615384615385
0 0.8665865384615384 0.5216346153846154 0.04567307692307692 0.0625
0 0.4170673076923077 0.5300480769230769 0.04567307692307692 0.055288461538461536
0 0.24158653846153846 0.5216346153846154 0.05048076923076923 0.057692307692307696
0 0.6382211538461539 0.5252403846153846 0.05048076923076923 0.06009615384615385
0 0.9134615384615384 0.5300480769230769 0.04326923076923077 0.06490384615384616
0 0.5036057692307693 0.5348557692307693 0.05048076923076923 0.055288461538461536
1 0.026442307692307692 0.5204326923076923 0.03365384615384615 0.040865384615384616
1 0.171875 0.5432692307692307 0.040865384615384616 0.04326923076923077
0 0.6887019230769231 0.5600961538461539 0.03125 0.038461538461538464
1 0.7427884615384616 0.014423076923076924 0.0673076923076923 0.028846153846153848
1 0.7427884615384616 0.9663461538461539 0.0673076923076923 0.0625
0 0.31009615384615385 0.008413461538461538 0.052884615384615384 0.016826923076923076
0 0.3112980769230769 0.9699519230769231 0.05048076923076923 0.06009615384615385
0 0.8653846153846154 0.008413461538461538 0.04807692307692308 0.016826923076923076
0 0.8665865384615384 0.9663461538461539 0.04567307692307692 0.0625
0 0.4170673076923077 0.9603365384615384 0.04567307692307692 0.055288461538461536
0 0.2403846153846154 0.007211538461538462 0.052884615384615384 0.014423076923076924
0 0.24158653846153846 0.9663461538461539 0.05048076923076923 0.057692307692307696
0 0.6370192307692307 0.006009615384615385 0.052884615384615384 0.01201923076923077
0 0.6382211538461539 0.9651442307692307 0.05048076923076923 0.06009615384615385
0 0.9134615384615384 0.9603365384615384 0.04326923076923077 0.06490384615384616
0 0.5036057692307693 0.9555288461538461 0.05048076923076923 0.055288461538461536
1 0.026442307692307692 0.9699519230769231 0.03365384615384615 0.040865384615384616
1 0.171875 0.9447115384615384 0.040865384615384616 0.04326923076923077
0 0.6887019230769231 0.9278846153846154 0.03125 0.038461538461538464
