1 0.5168269230769231 0.40625 0.052884615384615384 0.052884615384615384
1 0.7127403846153846 0.47115384615384615 0.06009615384615385 0.0625
1 0.9110576923076923 0.4014423076923077 0.07211538461538461 0.0673076923076923
1 0.37259615384615385 0.484375 0.052884615384615384 0.06009615384615385
1 0.6682692307692307 0.40625 0.052884615384615384 0.057692307692307696
1 0.5504807692307693 0.4567307692307692 0.0673076923076923 0.0625
1 0.27163461538461536 0.4579326923076923 0.04326923076923077 0.05048076923076923
1 0.25961538461538464 0.3786057692307692 0.04326923076923077 0.04567307692307692
1 0.03125 0.44711538461538464 0.04326923076923077 0.03365384615384615
1 0.04807692307692308 0.4170673076923077 0.03365384615384615 0.03125
1 0.10336538461538461 0.43990384615384615 0.04326923076923077 0.04326923076923077
1 0.13341346153846154 0.39663461538461536 0.040865384615384616 0.03365384615384615
0 0.8353365384615384 0.453125 0.07932692307692307 0.07932692307692307
1 0.20673076923076922 0.4495192307692308 0.03365384615384615 0.04326923076923077
1 0.19591346153846154 0.3954326923076923 0.040865384615384616 0.036057692307692304
1 0.5180288461538461 0.025240384615384616 0.055288461538461536 0.05048076923076923
1 0.9122596153846154 0.03125 0.07451923076923077 0.0625
1 0.6694711538461539 0.026442307692307692 0.055288461538461536 0.052884615384615384
1 0.25961538461538464 0.051682692307692304 0.04326923076923077 0.04567307692307692
1 0.04927884615384615 0.014423076923076924 0.036057692307692304 0.028846153846153848
1 0.1045673076923077 0.006009615384615385 0.04567307692307692 0.01201923076923077
1 0.13341346153846154 0.03125 0.040865384615384616 0.03365384615384615
0 0.8341346153846154 0.008413461538461538 0.08173076923076923 0.016826923076923076
1 0.19591346153846154 0.03485576923076923 0.040865384615384616 0.036057692307692304
