0 0.18967587034813926 0.47954545454545455 0.15606242496998798 0.2196969696969697
0 0.265906362545018 0.39924242424242423 0.09723889555822329 0.13787878787878788
0 0.3349339735894358 0.29318181818181815 0.03601440576230492 0.05606060606060606
0 0.5252100840336135 0.29015151515151516 0.03481392557022809 0.05909090909090909
0 0.5510204081632653 0.31136363636363634 0.04561824729891957 0.06515151515151515
0 0.620048019207683 0.31136363636363634 0.04441776710684274 0.0803030303030303
0 0.7088835534213686 0.3484848484848485 0.058823529411764705 0.08484848484848485
0 0.7262905162064826 0.3 0.028811524609843937 0.045454545454545456
0 0.7575030012004802 0.30227272727272725 0.028811524609843937 0.05
0 0.8217286914765907 0.353030303030303 0.06602641056422569 0.10303030303030303
0 0.8895558223289316 0.4446969696969697 0.16806722689075632 0.26212121212121214
