0 0.11921296296296297 0.543904958677686 0.032407407407407406 0.05371900826446281
0 0.28607253086419754 0.606404958677686 0.059027777777777776 0.10020661157024793
0 0.33449074074074076 0.6020144628099173 0.05015432098765432 0.08109504132231404
0 0.4191743827160494 0.6299070247933884 0.08757716049382716 0.12861570247933884
0 0.5387731481481481 0.7236570247933884 0.09837962962962964 0.15392561983471073
0 0.44290123456790126 0.5800619834710744 0.041666666666666664 0.06818181818181818
0 0.53125 0.5989152892561983 0.04552469135802469 0.07696280991735537
0 0.5252700617283951 0.5604338842975206 0.05131172839506173 0.060950413223140494
0 0.5873842592592593 0.6151859504132231 0.058256172839506175 0.08884297520661157
0 0.6884645061728395 0.4602272727272727 0.08449074074074074 0.09710743801652892
0 0.8148148148148148 0.7913223140495868 0.14351851851851852 0.24896694214876033
0 0.8045910493827161 0.6673553719008265 0.10378086419753087 0.15082644628099173
0 0.9699074074074074 0.6629648760330579 0.06018518518518518 0.13791322314049587
