1 0.6778846153846154 0.3737980769230769 0.057692307692307696 0.07451923076923077
1 0.5516826923076923 0.38341346153846156 0.06009615384615385 0.08413461538461539
1 0.7403846153846154 0.3641826923076923 0.04807692307692308 0.07932692307692307
1 0.34975961538461536 0.3798076923076923 0.055288461538461536 0.07692307692307693
1 0.43990384615384615 0.38822115384615385 0.04326923076923077 0.06490384615384616
1 0.6274038461538461 0.3798076923076923 0.038461538461538464 0.0625
1 0.3004807692307692 0.40024038461538464 0.04326923076923077 0.06490384615384616
1 0.2536057692307692 0.39663461538461536 0.036057692307692304 0.057692307692307696
1 0.4050480769230769 0.39302884615384615 0.026442307692307692 0.04567307692307692
1 0.49038461538461536 0.38822115384615385 0.03365384615384615 0.055288461538461536
1 0.59375 0.39783653846153844 0.03365384615384615 0.055288461538461536
