1 0.7824519230769231 0.4026442307692308 0.055288461538461536 0.06971153846153846
1 0.17908653846153846 0.4074519230769231 0.055288461538461536 0.06490384615384616
1 0.10096153846153846 0.37259615384615385 0.04807692307692308 0.057692307692307696
1 0.31490384615384615 0.38822115384615385 0.04807692307692308 0.055288461538461536
0 0.5420673076923077 0.390625 0.04567307692307692 0.055288461538461536
0 0.6838942307692307 0.3786057692307692 0.040865384615384616 0.055288461538461536
0 0.921875 0.359375 0.0889423076923077 0.07932692307692307
1 0.10216346153846154 0.01201923076923077 0.05048076923076923 0.02403846153846154
0 0.6826923076923077 0.008413461538461538 0.04326923076923077 0.016826923076923076
0 0.9206730769230769 0.02403846153846154 0.09134615384615384 0.04807692307692308
