1 0.2099609375 0.4128843338213763 0.056640625 0.09370424597364568
1 0.18310546875 0.45314787701317716 0.0595703125 0.0951683748169839
1 0.1572265625 0.5014641288433382 0.064453125 0.09224011713030747
1 0.16259765625 0.5907759882869692 0.0693359375 0.11859443631039532
1 0.29150390625 0.616398243045388 0.0751953125 0.13177159590043924
1 0.3095703125 0.5380673499267935 0.060546875 0.09224011713030747
1 0.4384765625 0.5387994143484627 0.0546875 0.1054172767203514
1 0.51806640625 0.6142020497803806 0.0615234375 0.11859443631039532
1 0.5966796875 0.48535871156661786 0.056640625 0.09809663250366032
1 0.63916015625 0.40263543191800877 0.0478515625 0.09663250366032211
1 0.71044921875 0.48316251830161056 0.0634765625 0.1054172767203514
1 0.82421875 0.4546120058565154 0.044921875 0.10980966325036604
