0 0.48197115384615385 0.3701923076923077 0.07932692307692307 0.10576923076923077
0 0.6574519230769231 0.3858173076923077 0.06971153846153846 0.0985576923076923
0 0.5841346153846154 0.37259615384615385 0.08653846153846154 0.11057692307692307
0 0.3137019230769231 0.3701923076923077 0.0985576923076923 0.11538461538461539
0 0.8389423076923077 0.3762019230769231 0.0625 0.12259615384615384
0 0.9471153846153846 0.2692307692307692 0.09615384615384616 0.27403846153846156
0 0.8088942307692307 0.39663461538461536 0.06009615384615385 0.09134615384615384
0 0.890625 0.32091346153846156 0.09375 0.14182692307692307
0 0.06490384615384616 0.36778846153846156 0.08653846153846154 0.08173076923076923
0 0.9483173076923077 0.06009615384615385 0.0985576923076923 0.1201923076923077
