1 0.06610576923076923 0.3746987951807229 0.12740384615384615 0.3493975903614458
1 0.15504807692307693 0.4433734939759036 0.14182692307692307 0.26024096385542167
1 0.27524038461538464 0.4831325301204819 0.1658653846153846 0.2385542168674699
1 0.25841346153846156 0.3289156626506024 0.18990384615384615 0.19518072289156627
1 0.47836538461538464 0.4 0.20192307692307693 0.27951807228915665
1 0.5540865384615384 0.327710843373494 0.18028846153846154 0.26024096385542167
1 0.6923076923076923 0.372289156626506 0.13942307692307693 0.2385542168674699
1 0.8317307692307693 0.41566265060240964 0.18269230769230768 0.24819277108433735
1 0.9158653846153846 0.3530120481927711 0.15865384615384615 0.2963855421686747
1 0.06490384615384616 0.09879518072289156 0.12980769230769232 0.19759036144578312
1 0.15384615384615385 0.04216867469879518 0.14423076923076922 0.08433734939759036
1 0.25721153846153844 0.08313253012048193 0.19230769230769232 0.16626506024096385
1 0.4795673076923077 0.06867469879518072 0.20432692307692307 0.13734939759036144
1 0.5528846153846154 0.1 0.18269230769230768 0.2
1 0.6935096153846154 0.07228915662650602 0.14182692307692307 0.14457831325301204
1 0.8329326923076923 0.05301204819277108 0.18509615384615385 0.10602409638554217
1 0.9170673076923077 0.0963855421686747 0.16105769230769232 0.1927710843373494
