0 0.7419642857142857 0.5047619047619047 0.06964285714285715 0.11428571428571428
0 0.6821428571428572 0.4738095238095238 0.05357142857142857 0.08095238095238096
0 0.6294642857142857 0.44166666666666665 0.044642857142857144 0.06904761904761905
0 0.59375 0.430952380952381 0.030357142857142857 0.06190476190476191
0 0.5669642857142857 0.42023809523809524 0.026785714285714284 0.05476190476190476
0 0.48035714285714287 0.4095238095238095 0.02142857142857143 0.0380952380952381
0 0.4107142857142857 0.4166666666666667 0.03214285714285714 0.04285714285714286
0 0.3169642857142857 0.42142857142857143 0.030357142857142857 0.047619047619047616
0 0.2910714285714286 0.4369047619047619 0.039285714285714285 0.05952380952380952
0 0.25535714285714284 0.4119047619047619 0.04642857142857143 0.0761904761904762
0 0.19375 0.45357142857142857 0.06964285714285715 0.09285714285714286
0 0.03125 0.5059523809523809 0.05892857142857143 0.13095238095238096
