1 0.1437513039849781 0.362671456564337 0.027122887544335488 0.06368386675375572
1 0.1674316711871479 0.3538536903984324 0.03609430419361569 0.07609405617243632
1 0.30179428332985603 0.2986610058785108 0.07156269559774671 0.15643370346178967
1 0.41863133736699354 0.3161332462442848 0.06864176924681828 0.14500326583932072
1 0.3756519924890465 0.37540822991508815 0.025245149175881495 0.0434356629653821
1 0.46401001460463176 0.3628347485303723 0.030043813895263928 0.049640757674722404
1 0.5132484873774255 0.3701828870019595 0.03213018986021281 0.05845852384062704
1 0.6471938243271438 0.366263879817113 0.028791988316294596 0.05845852384062704
1 0.6671187147924056 0.3861854996734161 0.01940329647402462 0.0434356629653821
1 0.6905904443980805 0.38422599608099284 0.02837471312330482 0.04931417374265186
