1 0.0825 0.22997032640949555 0.06166666666666667 0.1572700296735905
1 0.1775 0.29376854599406527 0.058333333333333334 0.13649851632047477
1 0.2708333333333333 0.22997032640949555 0.051666666666666666 0.1394658753709199
1 0.38083333333333336 0.2507418397626113 0.055 0.1394658753709199
1 0.4716666666666667 0.22255192878338279 0.06 0.13649851632047477
1 0.5741666666666667 0.26706231454005935 0.055 0.12462908011869436
1 0.6608333333333334 0.22700296735905046 0.055 0.13353115727002968
1 0.7408333333333333 0.21810089020771514 0.06166666666666667 0.14540059347181009
1 0.8291666666666667 0.23738872403560832 0.065 0.142433234421365
1 0.9208333333333333 0.22403560830860533 0.06833333333333333 0.14540059347181009
