1 0.2458808618504436 0.752851711026616 0.10899873257287707 0.19011406844106463
1 0.12484157160963244 0.7442965779467681 0.10773130544993663 0.21102661596958175
1 0.06527249683143219 0.905893536121673 0.10266159695817491 0.17680608365019013
1 0.055133079847908745 0.5826996197718631 0.09759188846641319 0.1844106463878327
1 0.3517110266159696 0.6549429657794676 0.10266159695817491 0.188212927756654
1 0.4347275031685678 0.5503802281368821 0.09885931558935361 0.188212927756654
1 0.5367553865652726 0.5247148288973384 0.10266159695817491 0.19011406844106463
1 0.6577946768060836 0.32984790874524716 0.10899873257287707 0.1958174904942966
1 0.7427122940430925 0.3032319391634981 0.08871989860583017 0.16920152091254753
1 0.8288973384030418 0.21102661596958175 0.09632446134347275 0.18250950570342206
1 0.9302915082382763 0.4847908745247148 0.10392902408111533 0.17870722433460076
1 0.8808618504435995 0.1359315589353612 0.08871989860583017 0.14638783269961977
1 0.8155893536121673 0.5133079847908745 0.11280101394169835 0.19011406844106463
1 0.6546261089987325 0.6653992395437263 0.12547528517110265 0.19391634980988592
1 0.9638783269961977 0.8422053231939164 0.07224334600760456 0.21292775665399238
1 0.8219264892268695 0.9220532319391636 0.13814955640050697 0.155893536121673
1 0.4917617237008872 0.9239543726235742 0.10899873257287707 0.1520912547528517
1 0.5063371356147022 0.8060836501901141 0.11787072243346007 0.17870722433460076
1 0.9645120405576679 0.16159695817490494 0.07097591888466413 0.1596958174904943
0 0.17490494296577946 0.44011406844106465 0.07858048162230671 0.14638783269961977
0 0.09505703422053231 0.22433460076045628 0.09125475285171103 0.1520912547528517
0 0.19961977186311788 0.13498098859315588 0.08238276299112801 0.12167300380228137
0 0.19455006337135614 0.2509505703422053 0.07477820025348543 0.12167300380228137
0 0.35994930291508237 0.3849809885931559 0.09378960709759189 0.14638783269961977
0 0.508871989860583 0.21197718631178708 0.08491761723700887 0.12737642585551331
0 0.7078580481622306 0.11311787072243346 0.07984790874524715 0.11977186311787072
0 0.039923954372623575 0.07984790874524715 0.07477820025348543 0.12547528517110265
0 0.2870722433460076 0.16159695817490494 0.07984790874524715 0.12547528517110265
