1 0.2980769230769231 0.6590361445783133 0.125 0.12771084337349398
1 0.6129807692307693 0.42168674698795183 0.11057692307692307 0.10602409638554217
1 0.15745192307692307 0.39879518072289155 0.11778846153846154 0.09397590361445783
1 0.43028846153846156 0.37349397590361444 0.09615384615384616 0.12530120481927712
1 0.17067307692307693 0.4819277108433735 0.14903846153846154 0.13012048192771083
1 0.34975961538461536 0.21084337349397592 0.09375 0.08433734939759036
0 0.2512019230769231 0.3337349397590361 0.0889423076923077 0.09879518072289156
0 0.49158653846153844 0.6710843373493975 0.13701923076923078 0.1180722891566265
0 0.6670673076923077 0.7108433734939759 0.10336538461538461 0.10120481927710843
0 0.7271634615384616 0.45180722891566266 0.12740384615384615 0.1180722891566265
1 0.29927884615384615 0.9710843373493976 0.12740384615384615 0.05301204819277108
1 0.34975961538461536 0.12409638554216867 0.09375 0.08433734939759036
0 0.25 0.02530120481927711 0.09134615384615384 0.05060240963855422
0 0.49038461538461536 0.9674698795180723 0.13942307692307693 0.060240963855421686
0 0.6658653846153846 0.9518072289156626 0.10576923076923077 0.09156626506024096
