1 0.245 0.2743142144638404 0.014 0.02493765586034913
1 0.268 0.2830423940149626 0.02 0.032418952618453865
1 0.448 0.3054862842892768 0.032 0.04239401496259352
1 0.47 0.34538653366583544 0.06 0.08229426433915212
1 0.446 0.4389027431421446 0.076 0.10972568578553615
1 0.522 0.3179551122194514 0.04 0.04738154613466334
1 0.552 0.300498753117207 0.04 0.04738154613466334
0 0.583 0.3254364089775561 0.03 0.03740648379052369
1 0.585 0.44139650872817954 0.098 0.12967581047381546
1 0.674 0.39526184538653364 0.092 0.11221945137157108
1 0.687 0.3254364089775561 0.066 0.05236907730673317
1 0.696 0.27680798004987534 0.02 0.029925187032418952
1 0.734 0.2817955112219451 0.024 0.034912718204488775
0 0.761 0.30174563591022446 0.034 0.0399002493765586
0 0.794 0.327930174563591 0.048 0.05236907730673317
0 0.803 0.27805486284289277 0.018 0.022443890274314215
0 0.08 0.3316708229426434 0.036 0.05486284289276808
1 0.115 0.35286783042394015 0.058 0.08229426433915212
1 0.213 0.2830423940149626 0.026 0.03740648379052369
0 0.239 0.33790523690773067 0.038 0.057356608478802994
1 0.856 0.2830423940149626 0.044 0.04738154613466334
1 0.885 0.4401496259351621 0.146 0.14713216957605985
0 0.967 0.3316708229426434 0.062 0.10473815461346633
0 0.931 0.29301745635910226 0.022 0.02743142144638404
0 0.032 0.30673316708229426 0.044 0.059850374064837904
1 0.153 0.29800498753117205 0.034 0.04738154613466334
