0 0.4050480769230769 0.3137019230769231 0.06971153846153846 0.0889423076923077
0 0.6442307692307693 0.31490384615384615 0.0673076923076923 0.08173076923076923
0 0.5264423076923077 0.3245192307692308 0.07211538461538461 0.08173076923076923
0 0.9086538461538461 0.34375 0.07692307692307693 0.08173076923076923
0 0.24879807692307693 0.3449519230769231 0.05048076923076923 0.06009615384615385
0 0.7632211538461539 0.36658653846153844 0.040865384615384616 0.04567307692307692
0 0.40384615384615385 0.03245192307692308 0.07211538461538461 0.06490384615384616
0 0.6454326923076923 0.030048076923076924 0.06971153846153846 0.06009615384615385
0 0.5276442307692307 0.025240384615384616 0.07451923076923077 0.05048076923076923
0 0.9098557692307693 0.015625 0.07932692307692307 0.03125
0 0.24759615384615385 0.009615384615384616 0.052884615384615384 0.019230769230769232
