0 0.27884615384615385 0.5493975903614458 0.052884615384615384 0.0819277108433735
0 0.4987980769230769 0.5590361445783133 0.04567307692307692 0.05783132530120482
0 0.042067307692307696 0.5289156626506024 0.05048076923076923 0.06987951807228916
0 0.23798076923076922 0.563855421686747 0.04326923076923077 0.06265060240963856
0 0.1502403846153846 0.5469879518072289 0.055288461538461536 0.05783132530120482
0 0.08173076923076923 0.5506024096385542 0.038461538461538464 0.05060240963855422
0 0.3954326923076923 0.5385542168674698 0.03125 0.04096385542168675
0 0.453125 0.5518072289156627 0.036057692307692304 0.05301204819277108
0 0.5697115384615384 0.5433734939759036 0.04326923076923077 0.04578313253012048
0 0.6850961538461539 0.5433734939759036 0.04326923076923077 0.05542168674698795
0 0.7716346153846154 0.5518072289156627 0.038461538461538464 0.043373493975903614
0 0.8353365384615384 0.536144578313253 0.03125 0.04096385542168675
0 0.9639423076923077 0.5433734939759036 0.04326923076923077 0.05542168674698795
0 0.9098557692307693 0.5626506024096386 0.040865384615384616 0.05060240963855422
0 0.41947115384615385 0.5506024096385542 0.016826923076923076 0.03132530120481928
