1 0.634 0.7542222222222222 0.08133333333333333 0.059555555555555556
1 0.434 0.7457777777777778 0.04133333333333333 0.042666666666666665
1 0.32866666666666666 0.7337777777777778 0.052 0.041777777777777775
1 0.5446666666666666 0.2902222222222222 0.036 0.034666666666666665
0 0.09866666666666667 0.7168888888888889 0.034666666666666665 0.025777777777777778
0 0.010666666666666666 0.7173333333333334 0.018666666666666668 0.02666666666666667
0 0.04466666666666667 0.7022222222222222 0.03333333333333333 0.02666666666666667
0 0.136 0.7106666666666667 0.029333333333333333 0.024
0 0.15733333333333333 0.7297777777777777 0.034666666666666665 0.028444444444444446
0 0.19866666666666666 0.72 0.02666666666666667 0.024888888888888887
0 0.21666666666666667 0.7315555555555555 0.030666666666666665 0.02311111111111111
0 0.246 0.7204444444444444 0.03333333333333333 0.027555555555555555
0 0.2713333333333333 0.7182222222222222 0.028 0.024888888888888887
0 0.418 0.7262222222222222 0.025333333333333333 0.021333333333333333
0 0.4686666666666667 0.7244444444444444 0.028 0.021333333333333333
0 0.49866666666666665 0.7342222222222222 0.018666666666666668 0.016
0 0.514 0.7368888888888889 0.02 0.017777777777777778
0 0.5473333333333333 0.7311111111111112 0.030666666666666665 0.022222222222222223
0 0.5746666666666667 0.7368888888888889 0.018666666666666668 0.016
0 0.7893333333333333 0.74 0.02666666666666667 0.020444444444444446
0 0.8506666666666667 0.7373333333333333 0.024 0.018666666666666668
0 0.8726666666666667 0.7368888888888889 0.02266666666666667 0.017777777777777778
0 0.9053333333333333 0.7315555555555555 0.02666666666666667 0.019555555555555555
