1 0.117 0.35585585585585583 0.054 0.10510510510510511
1 0.406 0.3258258258258258 0.068 0.13513513513513514
1 0.75 0.36036036036036034 0.028 0.04804804804804805
1 0.9 0.39039039039039036 0.032 0.06006006006006006
1 0.204 0.26876876876876876 0.104 0.2132132132132132
1 0.259 0.35435435435435436 0.046 0.1021021021021021
1 0.445 0.3633633633633634 0.026 0.07207207207207207
1 0.573 0.3303303303303303 0.066 0.12612612612612611
1 0.633 0.31681681681681684 0.054 0.1111111111111111
1 0.697 0.3768768768768769 0.038 0.06906906906906907
1 0.789 0.33783783783783783 0.062 0.1111111111111111
1 0.987 0.37237237237237236 0.026 0.07807807807807808
1 0.851 0.37237237237237236 0.03 0.06006006006006006
