1 0.1201923076923077 0.8149038461538461 0.17307692307692307 0.11057692307692307
0 0.09735576923076923 0.29447115384615385 0.0889423076923077 0.0889423076923077
0 0.7896634615384616 0.25240384615384615 0.07932692307692307 0.09615384615384616
0 0.6526442307692307 0.2824519230769231 0.09375 0.10336538461538461
0 0.41947115384615385 0.2860576923076923 0.07932692307692307 0.10096153846153846
0 0.8293269230769231 0.3389423076923077 0.09134615384615384 0.10576923076923077
0 0.2848557692307692 0.25961538461538464 0.09375 0.1201923076923077
0 0.1875 0.3581730769230769 0.13942307692307693 0.14903846153846154
0 0.5480769230769231 0.46634615384615385 0.10576923076923077 0.14903846153846154
1 0.1201923076923077 0.9350961538461539 0.17307692307692307 0.11057692307692307
0 0.7884615384615384 0.02403846153846154 0.08173076923076923 0.04807692307692308
0 0.6514423076923077 0.010817307692307692 0.09615384615384616 0.021634615384615384
0 0.28365384615384615 0.026442307692307692 0.09615384615384616 0.052884615384615384
