1 0.23076923076923078 0.3686746987951807 0.04807692307692308 0.06265060240963856
1 0.33413461538461536 0.3819277108433735 0.057692307692307696 0.05542168674698795
1 0.42908653846153844 0.3783132530120482 0.04567307692307692 0.05783132530120482
1 0.4951923076923077 0.3795180722891566 0.03365384615384615 0.05060240963855422
1 0.5324519230769231 0.3783132530120482 0.040865384615384616 0.06265060240963856
1 0.5637019230769231 0.39156626506024095 0.03125 0.04096385542168675
1 0.6177884615384616 0.39036144578313253 0.038461538461538464 0.05301204819277108
1 0.5997596153846154 0.3746987951807229 0.036057692307692304 0.060240963855421686
1 0.6478365384615384 0.3819277108433735 0.036057692307692304 0.05060240963855422
1 0.7283653846153846 0.38795180722891565 0.038461538461538464 0.05783132530120482
1 0.7716346153846154 0.372289156626506 0.0625 0.07951807228915662
