1 0.58 0.4850187265917603 0.06 0.10861423220973783
0 0.80125 0.5205992509363296 0.0325 0.0599250936329588
1 0.64625 0.5149812734082397 0.0325 0.056179775280898875
1 0.47125 0.5262172284644194 0.0325 0.06367041198501873
1 0.43375 0.5149812734082397 0.0275 0.056179775280898875
1 0.4025 0.5112359550561798 0.04 0.08614232209737828
1 0.3775 0.5149812734082397 0.025 0.07116104868913857
1 0.3 0.5037453183520599 0.04 0.06367041198501873
1 0.24625 0.5131086142322098 0.0475 0.08239700374531835
1 0.20375 0.5299625468164794 0.0325 0.056179775280898875
1 0.09375 0.5056179775280899 0.0525 0.09737827715355805
1 0.13 0.5037453183520599 0.03 0.056179775280898875
1 0.03875 0.5112359550561798 0.0325 0.07116104868913857
