0 0.7188498402555911 0.6674698795180722 0.06070287539936102 0.10602409638554217
0 0.9408945686900958 0.8771084337349397 0.07028753993610223 0.09156626506024096
0 0.805111821086262 0.4686746987951807 0.06070287539936102 0.10361445783132531
0 0.700479233226837 0.4457831325301205 0.04952076677316294 0.10120481927710843
0 0.4784345047923323 0.29759036144578316 0.06230031948881789 0.10843373493975904
0 0.46405750798722045 0.5048192771084338 0.05910543130990415 0.09397590361445783
0 0.3586261980830671 0.44457831325301206 0.05910543130990415 0.10361445783132531
0 0.34824281150159747 0.3108433734939759 0.06070287539936102 0.11566265060240964
0 0.24680511182108625 0.41686746987951806 0.05910543130990415 0.07710843373493977
0 0.28514376996805113 0.15060240963855423 0.05591054313099041 0.10361445783132531
