0 0.6009615384615384 0.3289156626506024 0.0673076923076923 0.0746987951807229
0 0.10817307692307693 0.38795180722891565 0.12980769230769232 0.13975903614457832
0 0.9399038461538461 0.3397590361445783 0.0625 0.06265060240963856
0 0.8052884615384616 0.3325301204819277 0.04807692307692308 0.05783132530120482
0 0.8641826923076923 0.3397590361445783 0.04567307692307692 0.05301204819277108
0 0.4338942307692308 0.35903614457831323 0.04567307692307692 0.05783132530120482
0 0.7103365384615384 0.3409638554216867 0.040865384615384616 0.05060240963855422
0 0.23317307692307693 0.35542168674698793 0.04326923076923077 0.05060240963855422
0 0.31971153846153844 0.35903614457831323 0.04807692307692308 0.05783132530120482
0 0.6466346153846154 0.3542168674698795 0.03365384615384615 0.04819277108433735
0 0.6009615384615384 0.05421686746987952 0.0673076923076923 0.0746987951807229
0 0.109375 0.03253012048192771 0.13221153846153846 0.06506024096385542
0 0.9399038461538461 0.04096385542168675 0.0625 0.06265060240963856
0 0.8052884615384616 0.04819277108433735 0.04807692307692308 0.05783132530120482
0 0.8641826923076923 0.04096385542168675 0.04567307692307692 0.05301204819277108
0 0.4326923076923077 0.02650602409638554 0.04807692307692308 0.05301204819277108
0 0.7103365384615384 0.04216867469879518 0.040865384615384616 0.05060240963855422
0 0.23317307692307693 0.027710843373493974 0.04326923076923077 0.05060240963855422
0 0.32091346153846156 0.02650602409638554 0.05048076923076923 0.05301204819277108
0 0.6466346153846154 0.02650602409638554 0.03365384615384615 0.04819277108433735
