1 0.058333333333333334 0.656093489148581 0.04777777777777778 0.08681135225375626
1 0.09388888888888888 0.5684474123539232 0.034444444444444444 0.05843071786310518
1 0.1238888888888889 0.6419031719532554 0.04111111111111111 0.06176961602671119
1 0.16555555555555557 0.5676126878130217 0.028888888888888888 0.05676126878130217
1 0.215 0.6552587646076795 0.034444444444444444 0.0651085141903172
1 0.22444444444444445 0.5893155258764607 0.028888888888888888 0.05676126878130217
0 0.275 0.6135225375626043 0.03222222222222222 0.05175292153589316
1 0.3022222222222222 0.6293823038397329 0.02666666666666667 0.05676126878130217
1 0.555 0.41986644407345575 0.03888888888888889 0.07178631051752922
1 0.8477777777777777 0.6519198664440734 0.05333333333333334 0.08180300500834725
0 0.6133333333333333 0.41819699499165275 0.03777777777777778 0.07846410684474124
