0 0.411875 0.45778611632270166 0.03125 0.07129455909943715
0 0.573125 0.4634146341463415 0.03125 0.0675422138836773
0 0.655 0.4774859287054409 0.0325 0.06191369606003752
0 0.7775 0.48592870544090055 0.0275 0.0600375234521576
1 0.348125 0.44934333958724204 0.02375 0.043151969981238276
1 0.25375 0.4643527204502814 0.02 0.04690431519699812
1 0.26875 0.4596622889305816 0.015 0.0300187617260788
1 0.209375 0.46622889305816134 0.01375 0.028142589118198873
1 0.171875 0.45684803001876173 0.01625 0.03564727954971857
1 0.073125 0.4624765478424015 0.01625 0.03189493433395872
1 0.106875 0.4634146341463415 0.01625 0.0300187617260788
