1 0.078125 0.4519230769230769 0.016826923076923076 0.019230769230769232
1 0.44711538461538464 0.4362980769230769 0.019230769230769232 0.016826923076923076
1 0.5120192307692307 0.4987980769230769 0.02403846153846154 0.021634615384615384
1 0.8100961538461539 0.5132211538461539 0.028846153846153848 0.036057692307692304
1 0.9338942307692307 0.5192307692307693 0.036057692307692304 0.03365384615384615
1 0.6754807692307693 0.44711538461538464 0.014423076923076924 0.014423076923076924
1 0.6634615384615384 0.43990384615384615 0.014423076923076924 0.014423076923076924
1 0.25240384615384615 0.40384615384615385 0.009615384615384616 0.014423076923076924
1 0.23798076923076922 0.41225961538461536 0.009615384615384616 0.01201923076923077
1 0.078125 0.125 0.016826923076923076 0.019230769230769232
1 0.078125 0.9615384615384616 0.016826923076923076 0.019230769230769232
1 0.44711538461538464 0.14302884615384615 0.019230769230769232 0.016826923076923076
1 0.44711538461538464 0.9795673076923077 0.019230769230769232 0.016826923076923076
1 0.5120192307692307 0.08052884615384616 0.02403846153846154 0.021634615384615384
1 0.5120192307692307 0.9170673076923077 0.02403846153846154 0.021634615384615384
1 0.8100961538461539 0.06610576923076923 0.028846153846153848 0.036057692307692304
1 0.8100961538461539 0.9026442307692307 0.028846153846153848 0.036057692307692304
1 0.9338942307692307 0.057692307692307696 0.036057692307692304 0.03365384615384615
1 0.9338942307692307 0.8942307692307693 0.036057692307692304 0.03365384615384615
1 0.6754807692307693 0.12980769230769232 0.014423076923076924 0.014423076923076924
1 0.6754807692307693 0.9663461538461539 0.014423076923076924 0.014423076923076924
1 0.6634615384615384 0.13701923076923078 0.014423076923076924 0.014423076923076924
1 0.6634615384615384 0.9735576923076923 0.014423076923076924 0.014423076923076924
1 0.25240384615384615 0.17307692307692307 0.009615384615384616 0.014423076923076924
1 0.23798076923076922 0.16706730769230768 0.009615384615384616 0.01201923076923077
1 0.23918269230769232 0.9963942307692307 0.01201923076923077 0.002403846153846154
