1 0.218359375 0.278125 0.06796875 0.1375
0 0.176953125 0.32395833333333335 0.04140625 0.06458333333333334
0 0.14609375 0.3489583333333333 0.040625 0.05
0 0.325 0.365625 0.05 0.09791666666666667
0 0.35703125 0.35260416666666666 0.03125 0.05520833333333333
0 0.4234375 0.3796875 0.040625 0.06354166666666666
0 0.46171875 0.34791666666666665 0.034375 0.052083333333333336
0 0.514453125 0.3453125 0.07421875 0.115625
1 0.576171875 0.3390625 0.05859375 0.09895833333333333
0 0.645703125 0.3703125 0.10390625 0.153125
0 0.718359375 0.378125 0.02578125 0.03958333333333333
0 0.760546875 0.353125 0.04765625 0.10625
0 0.812109375 0.3640625 0.07265625 0.121875
0 0.8703125 0.36354166666666665 0.0484375 0.075
0 0.90546875 0.37604166666666666 0.009375 0.014583333333333334
