1 0.19056603773584907 0.608433734939759 0.04779874213836478 0.10624315443592552
0 0.19874213836477989 0.5164293537787513 0.031446540880503145 0.06462212486308871
1 0.27075471698113207 0.5492880613362541 0.03962264150943396 0.08652792990142388
1 0.3022012578616352 0.4879518072289157 0.035849056603773584 0.07776560788608981
0 0.409748427672956 0.6046002190580504 0.04213836477987421 0.07886089813800658
0 0.3864779874213837 0.5098576122672508 0.03459119496855346 0.06681270536692223
0 0.4839622641509434 0.4928806133625411 0.03333333333333333 0.06133625410733844
1 0.49654088050314465 0.531763417305586 0.038364779874213835 0.08214676889375684
0 0.6 0.536144578313253 0.03647798742138365 0.0755750273822563
1 0.7084905660377359 0.5410733844468785 0.03962264150943396 0.08981380065717415
1 0.8072327044025157 0.49780941949616647 0.04339622641509434 0.08433734939759036
0 0.9044025157232705 0.5569550930996714 0.045283018867924525 0.07776560788608981
