1 0.6177215189873417 0.3388888888888889 0.09113924050632911 0.18888888888888888
1 0.7911392405063291 0.3453703703703704 0.13670886075949368 0.26851851851851855
1 0.3721518987341772 0.46111111111111114 0.02531645569620253 0.037037037037037035
1 0.4158227848101266 0.45925925925925926 0.01139240506329114 0.018518518518518517
1 0.3531645569620253 0.44722222222222224 0.015189873417721518 0.024074074074074074
1 0.30949367088607593 0.46944444444444444 0.013924050632911392 0.024074074074074074
1 0.29240506329113924 0.4564814814814815 0.012658227848101266 0.020370370370370372
1 0.21645569620253163 0.44814814814814813 0.010126582278481013 0.014814814814814815
1 0.2272151898734177 0.4546296296296296 0.008860759493670886 0.012962962962962963
1 0.19936708860759494 0.44907407407407407 0.008860759493670886 0.012962962962962963
1 0.01139240506329114 0.49444444444444446 0.015189873417721518 0.02962962962962963
