1 0.125 0.408 0.08 0.17066666666666666
1 0.4275 0.37066666666666664 0.06833333333333333 0.16
1 0.5891666666666666 0.4693333333333333 0.028333333333333332 0.058666666666666666
1 0.635 0.484 0.023333333333333334 0.06133333333333333
1 0.6616666666666666 0.4786666666666667 0.04 0.088
0 0.7083333333333334 0.43466666666666665 0.06 0.112
0 0.5133333333333333 0.748 0.1 0.216
0 0.8925 0.7053333333333334 0.085 0.15733333333333333
1 0.2633333333333333 0.392 0.06666666666666667 0.13333333333333333
1 0.5366666666666666 0.4613333333333333 0.056666666666666664 0.12266666666666666
