0 0.028 0.36908077994428967 0.012 0.019498607242339833
1 0.082 0.3732590529247911 0.036 0.06685236768802229
1 0.139 0.3746518105849582 0.05 0.10863509749303621
0 0.213 0.37186629526462395 0.034 0.06406685236768803
1 0.29 0.36768802228412256 0.06 0.11142061281337047
1 0.351 0.3398328690807799 0.038 0.06685236768802229
1 0.483 0.36629526462395545 0.062 0.1309192200557103
1 0.507 0.33565459610027853 0.038 0.08635097493036212
1 0.629 0.3286908077994429 0.07 0.116991643454039
1 0.709 0.33565459610027853 0.046 0.0807799442896936
1 0.877 0.36629526462395545 0.066 0.12534818941504178
0 0.788 0.35097493036211697 0.052 0.08356545961002786
0 0.584 0.3412256267409471 0.036 0.08635097493036212
