1 0.5661057692307693 0.3795180722891566 0.06009615384615385 0.07951807228915662
1 0.41225961538461536 0.40602409638554215 0.05048076923076923 0.06987951807228916
1 0.2932692307692308 0.40602409638554215 0.04807692307692308 0.06987951807228916
1 0.8088942307692307 0.40120481927710844 0.05048076923076923 0.0746987951807229
1 0.46875 0.39759036144578314 0.052884615384615384 0.06746987951807229
1 0.6959134615384616 0.41566265060240964 0.055288461538461536 0.07951807228915662
1 0.8834134615384616 0.40120481927710844 0.0985576923076923 0.12771084337349398
1 0.12620192307692307 0.42289156626506025 0.05048076923076923 0.06987951807228916
1 0.06490384615384616 0.40240963855421685 0.052884615384615384 0.06265060240963856
1 0.21875 0.4 0.04807692307692308 0.05783132530120482
1 0.6538461538461539 0.41807228915662653 0.038461538461538464 0.060240963855421686
1 0.7572115384615384 0.41445783132530123 0.03365384615384615 0.04819277108433735
1 0.3269230769230769 0.41927710843373495 0.03365384615384615 0.05301204819277108
0 0.9567307692307693 0.40963855421686746 0.04807692307692308 0.07228915662650602
1 0.609375 0.4072289156626506 0.036057692307692304 0.05301204819277108
1 0.37740384615384615 0.4108433734939759 0.03365384615384615 0.05060240963855422
1 0.5661057692307693 0.04216867469879518 0.06009615384615385 0.07951807228915662
1 0.4110576923076923 0.02530120481927711 0.052884615384615384 0.05060240963855422
1 0.29447115384615385 0.02530120481927711 0.05048076923076923 0.05060240963855422
1 0.8076923076923077 0.02891566265060241 0.052884615384615384 0.05783132530120482
1 0.4699519230769231 0.02891566265060241 0.055288461538461536 0.05783132530120482
1 0.6947115384615384 0.02289156626506024 0.057692307692307696 0.04578313253012048
1 0.8822115384615384 0.04216867469879518 0.10096153846153846 0.08433734939759036
1 0.125 0.016867469879518072 0.052884615384615384 0.033734939759036145
1 0.06610576923076923 0.02530120481927711 0.055288461538461536 0.05060240963855422
1 0.21995192307692307 0.02530120481927711 0.05048076923076923 0.05060240963855422
1 0.6550480769230769 0.016867469879518072 0.040865384615384616 0.033734939759036145
1 0.7584134615384616 0.01566265060240964 0.036057692307692304 0.03132530120481928
1 0.328125 0.014457831325301205 0.036057692307692304 0.02891566265060241
0 0.9579326923076923 0.024096385542168676 0.05048076923076923 0.04819277108433735
1 0.6081730769230769 0.020481927710843374 0.038461538461538464 0.04096385542168675
1 0.3786057692307692 0.018072289156626505 0.036057692307692304 0.03614457831325301
