1 0.087 0.18714285714285714 0.162 0.29428571428571426
1 0.652 0.24428571428571427 0.124 0.22
1 0.509 0.23714285714285716 0.07 0.14285714285714285
1 0.312 0.23142857142857143 0.092 0.19428571428571428
1 0.235 0.23857142857142857 0.062 0.11142857142857143
1 0.765 0.26571428571428574 0.03 0.06285714285714286
1 0.828 0.30142857142857143 0.104 0.19142857142857142
1 0.951 0.24 0.086 0.18285714285714286
1 0.717 0.2814285714285714 0.022 0.054285714285714284
0 0.564 0.26285714285714284 0.024 0.04
