1 0.25125 0.7893772893772893 0.0425 0.07692307692307693
1 0.295 0.7582417582417582 0.045 0.08058608058608059
1 0.34 0.7747252747252747 0.04 0.07692307692307693
1 0.715 0.7234432234432234 0.04 0.0695970695970696
1 0.83375 0.7362637362637363 0.0425 0.07326007326007326
1 0.915 0.7454212454212454 0.05 0.09157509157509157
1 0.795 0.7234432234432234 0.025 0.07692307692307693
1 0.62 0.6355311355311355 0.025 0.054945054945054944
1 0.70625 0.6446886446886447 0.0325 0.05128205128205128
1 0.73875 0.6410256410256411 0.0275 0.05128205128205128
1 0.91375 0.5934065934065934 0.0225 0.04395604395604396
