1 0.7860576923076923 0.3870192307692308 0.1346153846153846 0.16346153846153846
1 0.2692307692307692 0.43990384615384615 0.057692307692307696 0.07692307692307693
1 0.5817307692307693 0.4326923076923077 0.057692307692307696 0.08173076923076923
1 0.375 0.44591346153846156 0.07211538461538461 0.08413461538461539
1 0.46274038461538464 0.4098557692307692 0.0889423076923077 0.11298076923076923
1 0.890625 0.3918269230769231 0.11778846153846154 0.15384615384615385
1 0.6694711538461539 0.42788461538461536 0.09375 0.1346153846153846
1 0.7872596153846154 0.06009615384615385 0.13701923076923078 0.1201923076923077
1 0.2704326923076923 0.01201923076923077 0.06009615384615385 0.02403846153846154
1 0.5829326923076923 0.016826923076923076 0.06009615384615385 0.03365384615384615
1 0.3762019230769231 0.010817307692307692 0.07451923076923077 0.021634615384615384
1 0.46153846153846156 0.036057692307692304 0.09134615384615384 0.07211538461538461
1 0.8894230769230769 0.055288461538461536 0.1201923076923077 0.11057692307692307
1 0.6682692307692307 0.03245192307692308 0.09615384615384616 0.06490384615384616
