1 0.34375 0.4759036144578313 0.04326923076923077 0.04578313253012048
0 0.5625 0.4843373493975904 0.04326923076923077 0.043373493975903614
0 0.9194711538461539 0.4903614457831325 0.04567307692307692 0.05060240963855422
0 0.4543269230769231 0.4879518072289157 0.03365384615384615 0.04096385542168675
0 0.23197115384615385 0.4963855421686747 0.04567307692307692 0.043373493975903614
0 0.06490384615384616 0.519277108433735 0.057692307692307696 0.06506024096385542
0 0.11057692307692307 0.4939759036144578 0.03365384615384615 0.05301204819277108
0 0.3894230769230769 0.4927710843373494 0.03365384615384615 0.04096385542168675
0 0.2800480769230769 0.4855421686746988 0.040865384615384616 0.04578313253012048
0 0.15504807692307693 0.4819277108433735 0.03125 0.04819277108433735
0 0.1875 0.491566265060241 0.03365384615384615 0.043373493975903614
