1 0.5345454545454545 0.39913366336633666 0.04181818181818182 0.06311881188118812
1 0.16363636363636364 0.7209158415841584 0.04 0.06064356435643564
1 0.6168181818181818 0.557549504950495 0.03363636363636364 0.053217821782178217
1 0.6954545454545454 0.47957920792079206 0.04 0.06311881188118812
1 0.8881818181818182 0.47029702970297027 0.04 0.0594059405940594
1 0.9559090909090909 0.5222772277227723 0.042727272727272725 0.06188118811881188
1 0.8304545454545454 0.34034653465346537 0.03727272727272727 0.06188118811881188
1 0.8390909090909091 0.2871287128712871 0.038181818181818185 0.054455445544554455
1 0.9522727272727273 0.30445544554455445 0.04090909090909091 0.0594059405940594
0 0.8718181818181818 0.2233910891089109 0.03272727272727273 0.06311881188118812
0 0.9059090909090909 0.24876237623762376 0.03363636363636364 0.0594059405940594
0 0.8854545454545455 0.36448019801980197 0.03090909090909091 0.055693069306930694
0 0.9309090909090909 0.37376237623762376 0.03636363636363636 0.054455445544554455
1 0.9136363636363637 0.41336633663366334 0.038181818181818185 0.054455445544554455
1 0.7554545454545455 0.7277227722772277 0.038181818181818185 0.05693069306930693
1 0.9868181818181818 0.40532178217821785 0.026363636363636363 0.07301980198019802
1 0.9845454545454545 0.48205445544554454 0.03090909090909091 0.06311881188118812
0 0.7827272727272727 0.4158415841584158 0.04 0.05693069306930693
0 0.7154545454545455 0.5488861386138614 0.038181818181818185 0.06064356435643564
0 0.7504545454545455 0.8038366336633663 0.04090909090909091 0.05816831683168317
0 0.545 0.5835396039603961 0.03 0.053217821782178217
0 0.6381818181818182 0.38675742574257427 0.034545454545454546 0.055693069306930694
0 0.43363636363636365 0.3774752475247525 0.02909090909090909 0.04455445544554455
0 0.4368181818181818 0.297029702970297 0.031818181818181815 0.054455445544554455
0 0.39136363636363636 0.27351485148514854 0.03 0.054455445544554455
0 0.3418181818181818 0.42698019801980197 0.03272727272727273 0.05198019801980198
0 0.2290909090909091 0.4870049504950495 0.04 0.055693069306930694
0 0.11454545454545455 0.10581683168316831 0.034545454545454546 0.053217821782178217
0 0.13045454545454546 0.5655940594059405 0.03727272727272727 0.04950495049504951
