1 0.47325 0.128 0.0275 0.064
1 0.3585 0.524 0.028 0.072
1 0.2955 0.524 0.028 0.072
1 0.41475 0.521 0.0365 0.076
1 0.451 0.541 0.025 0.076
1 0.475 0.541 0.029 0.092
1 0.49675 0.503 0.0245 0.066
1 0.506 0.5545 0.022 0.071
1 0.54825 0.5845 0.0335 0.085
1 0.56325 0.507 0.0245 0.066
1 0.62275 0.5535 0.0285 0.077
1 0.6145 0.505 0.026 0.062
1 0.6395 0.524 0.024 0.064
1 0.66625 0.534 0.0265 0.08
1 0.7025 0.5305 0.025 0.069
1 0.705 0.494 0.028 0.064
1 0.75175 0.4905 0.0265 0.057
1 0.7555 0.5295 0.026 0.073
1 0.83525 0.5095 0.0315 0.069
1 0.81975 0.603 0.0355 0.084
1 0.7255 0.633 0.034 0.092
1 0.43575 0.726 0.0295 0.088
