0 0.47716346153846156 0.4469879518072289 0.036057692307692304 0.05060240963855422
0 0.0829326923076923 0.43012048192771085 0.055288461538461536 0.060240963855421686
0 0.21875 0.4433734939759036 0.04807692307692308 0.05783132530120482
0 0.19110576923076922 0.43614457831325304 0.03125 0.043373493975903614
0 0.2824519230769231 0.43253012048192774 0.040865384615384616 0.05542168674698795
0 0.3076923076923077 0.45180722891566266 0.038461538461538464 0.04578313253012048
0 0.3545673076923077 0.45903614457831327 0.040865384615384616 0.05542168674698795
0 0.3918269230769231 0.4602409638554217 0.03365384615384615 0.04819277108433735
0 0.6526442307692307 0.4457831325301205 0.055288461538461536 0.05783132530120482
0 0.9567307692307693 0.4614457831325301 0.03365384615384615 0.04578313253012048
0 0.9338942307692307 0.46626506024096387 0.026442307692307692 0.04096385542168675
0 0.8257211538461539 0.4710843373493976 0.04567307692307692 0.05060240963855422
0 0.7319711538461539 0.4542168674698795 0.040865384615384616 0.05060240963855422
