0 0.7175480769230769 0.3180722891566265 0.06971153846153846 0.07710843373493977
0 0.8557692307692307 0.3096385542168675 0.13942307692307693 0.15180722891566265
0 0.953125 0.35180722891566263 0.055288461538461536 0.07228915662650602
0 0.5576923076923077 0.3325301204819277 0.08653846153846154 0.12048192771084337
0 0.3293269230769231 0.3421686746987952 0.09615384615384616 0.10602409638554217
0 0.7956730769230769 0.35180722891566263 0.057692307692307696 0.10602409638554217
0 0.43990384615384615 0.3144578313253012 0.038461538461538464 0.04578313253012048
0 0.7163461538461539 0.027710843373493974 0.07211538461538461 0.05542168674698795
0 0.8569711538461539 0.05060240963855422 0.14182692307692307 0.10120481927710843
0 0.9519230769230769 0.00963855421686747 0.057692307692307696 0.01927710843373494
0 0.5588942307692307 0.03132530120481928 0.0889423076923077 0.06265060240963856
0 0.33052884615384615 0.02289156626506024 0.0985576923076923 0.04578313253012048
0 0.796875 0.018072289156626505 0.06009615384615385 0.03614457831325301
0 0.4411057692307692 0.021686746987951807 0.040865384615384616 0.043373493975903614
