1 0.9495192307692307 0.5746987951807229 0.08173076923076923 0.09397590361445783
1 0.21875 0.3024096385542169 0.057692307692307696 0.06506024096385542
1 0.5829326923076923 0.2855421686746988 0.04567307692307692 0.04578313253012048
1 0.5036057692307693 0.3060240963855422 0.036057692307692304 0.05301204819277108
0 0.22956730769230768 0.6325301204819277 0.09375 0.09397590361445783
0 0.33774038461538464 0.6204819277108434 0.07932692307692307 0.09397590361445783
0 0.796875 0.5867469879518072 0.08413461538461539 0.0746987951807229
0 0.8918269230769231 0.5843373493975904 0.0673076923076923 0.07951807228915662
1 0.21995192307692307 0.03253012048192771 0.06009615384615385 0.06506024096385542
1 0.5829326923076923 0.04939759036144578 0.04567307692307692 0.04578313253012048
1 0.5036057692307693 0.02650602409638554 0.036057692307692304 0.05301204819277108
