1 0.96 0.7057057057057057 0.024 0.036036036036036036
1 0.821 0.7222222222222222 0.022 0.03903903903903904
1 0.767 0.7267267267267268 0.018 0.03003003003003003
1 0.743 0.7327327327327328 0.022 0.036036036036036036
0 0.727 0.7417417417417418 0.03 0.042042042042042045
1 0.659 0.7312312312312312 0.026 0.04504504504504504
1 0.61 0.7387387387387387 0.02 0.042042042042042045
1 0.584 0.7357357357357357 0.024 0.042042042042042045
1 0.558 0.7477477477477478 0.016 0.03003003003003003
1 0.532 0.7432432432432432 0.024 0.03903903903903904
1 0.503 0.7477477477477478 0.022 0.042042042042042045
1 0.462 0.7492492492492493 0.02 0.03903903903903904
1 0.438 0.7432432432432432 0.024 0.04504504504504504
1 0.375 0.7507507507507507 0.026 0.04804804804804805
1 0.394 0.7597597597597597 0.016 0.03003003003003003
1 0.349 0.7537537537537538 0.018 0.03003003003003003
1 0.327 0.7657657657657657 0.022 0.036036036036036036
1 0.293 0.7612612612612613 0.022 0.05105105105105105
1 0.233 0.7642642642642643 0.03 0.05105105105105105
1 0.264 0.7732732732732732 0.012 0.021021021021021023
1 0.135 0.7702702702702703 0.03 0.057057057057057055
1 0.178 0.7867867867867868 0.016 0.024024024024024024
1 0.079 0.7867867867867868 0.022 0.036036036036036036
1 0.048 0.7897897897897898 0.016 0.03003003003003003
