0 0.87625 0.485 0.0325 0.05333333333333334
0 0.695 0.4875 0.0475 0.075
0 0.64375 0.44416666666666665 0.0325 0.051666666666666666
0 0.225 0.32666666666666666 0.085 0.12666666666666668
0 0.28375 0.37 0.045 0.07333333333333333
0 0.339375 0.42916666666666664 0.05125 0.07833333333333334
0 0.60375 0.4608333333333333 0.0425 0.075
0 0.110625 0.3358333333333333 0.07375 0.105
0 0.03 0.3491666666666667 0.0575 0.105
1 0.391875 0.4025 0.04625 0.07833333333333334
1 0.4375 0.4083333333333333 0.055 0.09333333333333334
1 0.508125 0.44083333333333335 0.05125 0.08833333333333333
1 0.5625 0.4625 0.0475 0.07833333333333334
1 0.73625 0.49 0.04 0.07
1 0.811875 0.5125 0.03875 0.06166666666666667
