1 0.2620192307692308 0.42908653846153844 0.03365384615384615 0.040865384615384616
1 0.4050480769230769 0.44350961538461536 0.040865384615384616 0.040865384615384616
1 0.5456730769230769 0.4423076923076923 0.028846153846153848 0.028846153846153848
1 0.6826923076923077 0.42908653846153844 0.03365384615384615 0.036057692307692304
1 0.7896634615384616 0.42427884615384615 0.040865384615384616 0.040865384615384616
1 0.26322115384615385 0.013221153846153846 0.036057692307692304 0.026442307692307692
1 0.40384615384615385 0.006009615384615385 0.04326923076923077 0.01201923076923077
1 0.546875 0.003605769230769231 0.03125 0.007211538461538462
1 0.6838942307692307 0.01201923076923077 0.036057692307692304 0.02403846153846154
1 0.7884615384615384 0.015625 0.04326923076923077 0.03125
