1 0.28365384615384615 0.39302884615384615 0.07211538461538461 0.09375
1 0.06850961538461539 0.37740384615384615 0.09375 0.11538461538461539
1 0.3713942307692308 0.40024038461538464 0.06490384615384616 0.07932692307692307
1 0.49158653846153844 0.42908653846153844 0.04567307692307692 0.06971153846153846
1 0.5853365384615384 0.42427884615384615 0.05048076923076923 0.07451923076923077
1 0.6742788461538461 0.4182692307692308 0.04567307692307692 0.057692307692307696
1 0.5408653846153846 0.43149038461538464 0.038461538461538464 0.06009615384615385
1 0.4110576923076923 0.41466346153846156 0.03365384615384615 0.07451923076923077
1 0.1935096153846154 0.4182692307692308 0.040865384615384616 0.04807692307692308
1 0.2848557692307692 0.013221153846153846 0.07451923076923077 0.026442307692307692
1 0.0673076923076923 0.026442307692307692 0.09615384615384616 0.052884615384615384
