0 0.12259615384615384 0.36899038461538464 0.07211538461538461 0.10336538461538461
0 0.23197115384615385 0.3954326923076923 0.08413461538461539 0.0985576923076923
0 0.6947115384615384 0.359375 0.12980769230769232 0.1658653846153846
0 0.5877403846153846 0.34134615384615385 0.07451923076923077 0.10096153846153846
0 0.34134615384615385 0.375 0.09615384615384616 0.12980769230769232
0 0.9675480769230769 0.24759615384615385 0.06009615384615385 0.16346153846153846
0 0.5048076923076923 0.390625 0.10576923076923077 0.13221153846153846
0 0.8293269230769231 0.3473557692307692 0.0673076923076923 0.06490384615384616
0 0.06129807692307692 0.27884615384615385 0.11778846153846154 0.1346153846153846
0 0.6454326923076923 0.4026442307692308 0.07451923076923077 0.0889423076923077
0 0.6959134615384616 0.028846153846153848 0.13221153846153846 0.057692307692307696
0 0.5865384615384616 0.021634615384615384 0.07692307692307693 0.04326923076923077
0 0.9675480769230769 0.08413461538461539 0.06009615384615385 0.16346153846153846
0 0.8305288461538461 0.009615384615384616 0.06971153846153846 0.019230769230769232
0 0.06009615384615385 0.06129807692307692 0.1201923076923077 0.12259615384615384
