1 0.23342857142857143 0.6358695652173914 0.021142857142857144 0.03881987577639751
1 0.30014285714285716 0.6190476190476191 0.026571428571428572 0.054865424430641824
1 0.324 0.640527950310559 0.018285714285714287 0.03881987577639751
1 0.37985714285714284 0.5978260869565217 0.02142857142857143 0.047619047619047616
1 0.45071428571428573 0.614648033126294 0.022571428571428572 0.05124223602484472
1 0.5205714285714286 0.6413043478260869 0.018285714285714287 0.038302277432712216
1 0.5825714285714285 0.6356107660455487 0.021142857142857144 0.042443064182194616
1 0.6277142857142857 0.6265527950310559 0.018857142857142857 0.03881987577639751
1 0.6918571428571428 0.6273291925465838 0.022571428571428572 0.042443064182194616
1 0.7657142857142857 0.6048136645962733 0.026285714285714287 0.04606625258799172
1 0.8988571428571429 0.6172360248447205 0.027428571428571427 0.04606625258799172
