0 0.08173076923076923 0.5096385542168674 0.08173076923076923 0.0891566265060241
0 0.17307692307692307 0.5204819277108433 0.08173076923076923 0.0819277108433735
0 0.34375 0.563855421686747 0.10096153846153846 0.1108433734939759
0 0.7259615384615384 0.5698795180722892 0.11538461538461539 0.1180722891566265
0 0.8713942307692307 0.4927710843373494 0.055288461538461536 0.060240963855421686
0 0.9242788461538461 0.46987951807228917 0.055288461538461536 0.06746987951807229
0 0.19831730769230768 0.44819277108433736 0.055288461538461536 0.05301204819277108
0 0.8209134615384616 0.5012048192771085 0.06490384615384616 0.07710843373493977
0 0.03365384615384615 0.4855421686746988 0.057692307692307696 0.06987951807228916
0 0.3161057692307692 0.4469879518072289 0.04567307692307692 0.060240963855421686
0 0.4074519230769231 0.44216867469879517 0.04567307692307692 0.05060240963855422
0 0.48197115384615385 0.43493975903614457 0.03125 0.04096385542168675
0 0.5 0.41686746987951806 0.02403846153846154 0.033734939759036145
0 0.5444711538461539 0.43253012048192774 0.03125 0.04578313253012048
0 0.6802884615384616 0.42650602409638555 0.03365384615384615 0.03855421686746988
0 0.8209134615384616 0.4457831325301205 0.036057692307692304 0.033734939759036145
0 0.7632211538461539 0.43493975903614457 0.04567307692307692 0.04578313253012048
