1 0.203125 0.39302884615384615 0.06971153846153846 0.06490384615384616
1 0.8966346153846154 0.36658653846153844 0.057692307692307696 0.06971153846153846
1 0.6430288461538461 0.37259615384615385 0.06971153846153846 0.07692307692307693
1 0.28846153846153844 0.390625 0.0625 0.06971153846153846
1 0.4387019230769231 0.40384615384615385 0.06971153846153846 0.0625
1 0.4014423076923077 0.5564903846153846 0.04807692307692308 0.07932692307692307
1 0.8413461538461539 0.4206730769230769 0.052884615384615384 0.057692307692307696
1 0.14302884615384615 0.4074519230769231 0.055288461538461536 0.06009615384615385
1 0.09014423076923077 0.4014423076923077 0.04567307692307692 0.052884615384615384
1 0.3605769230769231 0.44711538461538464 0.08173076923076923 0.10576923076923077
1 0.5168269230769231 0.4519230769230769 0.04807692307692308 0.052884615384615384
1 0.5096153846153846 0.40865384615384615 0.038461538461538464 0.04807692307692308
1 0.20192307692307693 0.015625 0.07211538461538461 0.03125
1 0.8978365384615384 0.030048076923076924 0.06009615384615385 0.06009615384615385
1 0.6418269230769231 0.028846153846153848 0.07211538461538461 0.057692307692307696
1 0.28966346153846156 0.018028846153846152 0.06490384615384616 0.036057692307692304
1 0.4375 0.009615384615384616 0.07211538461538461 0.019230769230769232
1 0.14182692307692307 0.007211538461538462 0.057692307692307696 0.014423076923076924
1 0.0889423076923077 0.008413461538461538 0.04807692307692308 0.016826923076923076
