0 0.4375 0.3701923076923077 0.07692307692307693 0.09615384615384616
0 0.6201923076923077 0.359375 0.1346153846153846 0.16105769230769232
0 0.23557692307692307 0.3233173076923077 0.1346153846153846 0.1658653846153846
0 0.7427884615384616 0.43990384615384615 0.07211538461538461 0.08653846153846154
0 0.31850961538461536 0.39302884615384615 0.07932692307692307 0.10336538461538461
0 0.875 0.39663461538461536 0.10576923076923077 0.12980769230769232
0 0.9507211538461539 0.4699519230769231 0.055288461538461536 0.06490384615384616
0 0.026442307692307692 0.2980769230769231 0.04807692307692308 0.20192307692307693
0 0.6213942307692307 0.027644230769230768 0.13701923076923078 0.055288461538461536
0 0.23677884615384615 0.046875 0.13701923076923078 0.09375
0 0.027644230769230768 0.06850961538461539 0.05048076923076923 0.13701923076923078
