1 0.101875 0.3405253283302064 0.05875 0.09568480300187618
1 0.210625 0.3151969981238274 0.05375 0.0975609756097561
1 0.299375 0.34709193245778613 0.04625 0.09380863039399624
1 0.36875 0.33864915572232646 0.045 0.08442776735459662
1 0.419375 0.38461538461538464 0.04875 0.075046904315197
1 0.453125 0.350844277673546 0.04125 0.07879924953095685
1 0.524375 0.32082551594746717 0.04375 0.0975609756097561
1 0.596875 0.34709193245778613 0.04125 0.07879924953095685
1 0.61625 0.38555347091932457 0.05 0.09943714821763602
1 0.66125 0.3198874296435272 0.05 0.09193245778611632
1 0.699375 0.37335834896810505 0.04875 0.0900562851782364
1 0.75125 0.30956848030018763 0.05 0.0975609756097561
1 0.829375 0.33583489681050654 0.04375 0.0975609756097561
1 0.91625 0.3076923076923077 0.05 0.0975609756097561
