1 0.2506127450980392 0.26429738562091504 0.014705882352941176 0.028594771241830064
1 0.18167892156862744 0.29411764705882354 0.017769607843137254 0.026143790849673203
1 0.24754901960784315 0.3545751633986928 0.015931372549019607 0.026143790849673203
1 0.26807598039215685 0.37663398692810457 0.018995098039215685 0.027777777777777776
1 0.31066176470588236 0.39338235294117646 0.0196078431372549 0.028594771241830064
1 0.24448529411764705 0.4730392156862745 0.0196078431372549 0.03104575163398693
1 0.26348039215686275 0.505718954248366 0.01838235294117647 0.027777777777777776
1 0.24111519607843138 0.5106209150326797 0.02267156862745098 0.03104575163398693
1 0.23682598039215685 0.5575980392156863 0.02144607843137255 0.03022875816993464
1 0.25827205882352944 0.5637254901960784 0.02144607843137255 0.032679738562091505
1 0.20036764705882354 0.5208333333333334 0.022058823529411766 0.028594771241830064
1 0.16176470588235295 0.38031045751633985 0.022058823529411766 0.03022875816993464
1 0.19914215686274508 0.4293300653594771 0.0196078431372549 0.028594771241830064
1 0.19424019607843138 0.4526143790849673 0.022058823529411766 0.026143790849673203
1 0.17340686274509803 0.4513888888888889 0.020833333333333332 0.03022875816993464
1 0.17463235294117646 0.5012254901960784 0.022058823529411766 0.02696078431372549
1 0.17892156862745098 0.5641339869281046 0.025735294117647058 0.02696078431372549
1 0.1954656862745098 0.5980392156862745 0.025735294117647058 0.029411764705882353
1 0.21721813725490197 0.6376633986928104 0.027573529411764705 0.035130718954248366
1 0.22947303921568626 0.696078431372549 0.026348039215686275 0.032679738562091505
1 0.19270833333333334 0.6907679738562091 0.02144607843137255 0.031862745098039214
1 0.20802696078431374 0.7397875816993464 0.026348039215686275 0.035130718954248366
1 0.16605392156862744 0.7173202614379085 0.029411764705882353 0.0392156862745098
1 0.15778186274509803 0.6507352941176471 0.02389705882352941 0.031862745098039214
1 0.10998774509803921 0.29983660130718953 0.018995098039215685 0.027777777777777776
1 0.08915441176470588 0.32312091503267976 0.018995098039215685 0.02696078431372549
1 0.05392156862745098 0.30923202614379086 0.01838235294117647 0.02696078431372549
1 0.12959558823529413 0.3627450980392157 0.02022058823529412 0.029411764705882353
1 0.125 0.45179738562091504 0.023284313725490197 0.026143790849673203
1 0.14338235294117646 0.5232843137254902 0.024509803921568627 0.028594771241830064
1 0.09191176470588236 0.5159313725490197 0.023284313725490197 0.03022875816993464
1 0.07751225490196079 0.4758986928104575 0.02389705882352941 0.03022875816993464
1 0.03768382352941176 0.5273692810457516 0.02267156862745098 0.031862745098039214
1 0.06862745098039216 0.5404411764705882 0.025735294117647058 0.02696078431372549
1 0.12653186274509803 0.551062091503268 0.026348039215686275 0.035130718954248366
1 0.09466911764705882 0.6131535947712419 0.03002450980392157 0.035130718954248366
1 0.0701593137254902 0.6008986928104575 0.026348039215686275 0.03022875816993464
1 0.04840686274509804 0.6290849673202614 0.02696078431372549 0.03431372549019608
1 0.06219362745098039 0.690359477124183 0.026348039215686275 0.03594771241830065
1 0.12316176470588236 0.7005718954248366 0.02696078431372549 0.03676470588235294
1 0.11029411764705882 0.7312091503267973 0.025735294117647058 0.0392156862745098
1 0.06740196078431372 0.3582516339869281 0.0196078431372549 0.028594771241830064
1 0.07107843137254902 0.40032679738562094 0.023284313725490197 0.03104575163398693
1 0.12040441176470588 0.4117647058823529 0.02389705882352941 0.032679738562091505
1 0.12040441176470588 0.2716503267973856 0.016544117647058824 0.02696078431372549
1 0.1951593137254902 0.35784313725490197 0.018995098039215685 0.029411764705882353
1 0.2340686274509804 0.41217320261437906 0.0196078431372549 0.02696078431372549
1 0.009497549019607842 0.5661764705882353 0.017769607843137254 0.03594771241830065
1 0.014399509803921568 0.9129901960784313 0.026348039215686275 0.05473856209150327
1 0.13970588235294118 0.7896241830065359 0.028186274509803922 0.035130718954248366
1 0.16544117647058823 0.8488562091503268 0.030637254901960783 0.04084967320261438
1 0.23590686274509803 0.8300653594771242 0.025735294117647058 0.04084967320261438
1 0.28308823529411764 0.7761437908496732 0.025735294117647058 0.03431372549019608
1 0.26746323529411764 0.625 0.02267156862745098 0.03431372549019608
1 0.30575980392156865 0.5988562091503268 0.020833333333333332 0.03431372549019608
1 0.3075980392156863 0.6478758169934641 0.0196078431372549 0.032679738562091505
1 0.30545343137254904 0.684640522875817 0.018995098039215685 0.03758169934640523
1 0.32567401960784315 0.7316176470588235 0.02389705882352941 0.03676470588235294
1 0.29381127450980393 0.8255718954248366 0.026348039215686275 0.04003267973856209
1 0.15165441176470587 0.9464869281045751 0.03125 0.04003267973856209
1 0.24693627450980393 0.9799836601307189 0.030637254901960783 0.04003267973856209
1 0.29074754901960786 0.9603758169934641 0.026348039215686275 0.041666666666666664
1 0.35140931372549017 0.6053921568627451 0.02144607843137255 0.027777777777777776
1 0.35753676470588236 0.6446078431372549 0.025122549019607844 0.03594771241830065
1 0.3560049019607843 0.6895424836601307 0.020833333333333332 0.03104575163398693
1 0.38082107843137253 0.7136437908496732 0.02144607843137255 0.031862745098039214
1 0.4185049019607843 0.3770424836601307 0.015931372549019607 0.03022875816993464
1 0.48223039215686275 0.2863562091503268 0.015931372549019607 0.02696078431372549
1 0.34620098039215685 0.7912581699346405 0.023284313725490197 0.035130718954248366
1 0.39920343137254904 0.7994281045751634 0.02389705882352941 0.03676470588235294
1 0.4322916666666667 0.619281045751634 0.02022058823529412 0.027777777777777776
1 0.4883578431372549 0.6098856209150327 0.022058823529411766 0.03349673202614379
1 0.3958333333333333 0.9779411764705882 0.030637254901960783 0.04084967320261438
1 0.3446691176470588 0.8733660130718954 0.026348039215686275 0.042483660130718956
1 0.38082107843137253 0.619281045751634 0.02022058823529412 0.03104575163398693
1 0.4025735294117647 0.6446078431372549 0.023284313725490197 0.03104575163398693
1 0.4175857843137255 0.5878267973856209 0.02022058823529412 0.028594771241830064
1 0.4212622549019608 0.6719771241830066 0.02389705882352941 0.03349673202614379
1 0.42830882352941174 0.7410130718954249 0.028186274509803922 0.03758169934640523
1 0.4476102941176471 0.7826797385620915 0.027573529411764705 0.03758169934640523
1 0.44699754901960786 0.8729575163398693 0.026348039215686275 0.041666666666666664
1 0.45557598039215685 0.7038398692810458 0.026348039215686275 0.03676470588235294
1 0.4518995098039216 0.6017156862745098 0.02144607843137255 0.03022875816993464
1 0.4840686274509804 0.5518790849673203 0.0196078431372549 0.03022875816993464
1 0.4834558823529412 0.6519607843137255 0.023284313725490197 0.03431372549019608
1 0.5055147058823529 0.7013888888888888 0.023284313725490197 0.035130718954248366
1 0.5425857843137255 0.7397875816993464 0.027573529411764705 0.041666666666666664
1 0.49693627450980393 0.7798202614379085 0.02696078431372549 0.035130718954248366
1 0.5496323529411765 0.8676470588235294 0.028186274509803922 0.0392156862745098
1 0.609375 0.7904411764705882 0.028799019607843136 0.04003267973856209
1 0.5291053921568627 0.625 0.02267156862745098 0.032679738562091505
1 0.5245098039215687 0.579248366013072 0.023284313725490197 0.026143790849673203
1 0.5208333333333334 0.5449346405228758 0.022058823529411766 0.029411764705882353
1 0.5922181372549019 0.6397058823529411 0.02144607843137255 0.032679738562091505
1 0.6029411764705882 0.6058006535947712 0.020833333333333332 0.028594771241830064
1 0.5870098039215687 0.545751633986928 0.01838235294117647 0.027777777777777776
1 0.5958946078431373 0.701797385620915 0.02022058823529412 0.03758169934640523
1 0.6280637254901961 0.7328431372549019 0.024509803921568627 0.03104575163398693
1 0.6393995098039216 0.681781045751634 0.02389705882352941 0.03349673202614379
1 0.7080269607843137 0.7144607843137255 0.026348039215686275 0.03349673202614379
1 0.7071078431372549 0.6376633986928104 0.023284313725490197 0.03349673202614379
1 0.6829044117647058 0.6017156862745098 0.02389705882352941 0.028594771241830064
1 0.6326593137254902 0.5310457516339869 0.02389705882352941 0.03104575163398693
1 0.5612745098039216 0.502859477124183 0.024509803921568627 0.03349673202614379
1 0.5634191176470589 0.4644607843137255 0.02144607843137255 0.02696078431372549
1 0.5836397058823529 0.47549019607843135 0.02144607843137255 0.029411764705882353
1 0.6292892156862745 0.45874183006535946 0.024509803921568627 0.028594771241830064
1 0.6856617647058824 0.46486928104575165 0.0196078431372549 0.024509803921568627
1 0.7282475490196079 0.48651960784313725 0.02144607843137255 0.02696078431372549
1 0.7542892156862745 0.4722222222222222 0.020833333333333332 0.026143790849673203
1 0.7591911764705882 0.5514705882352942 0.023284313725490197 0.029411764705882353
1 0.6994485294117647 0.5486111111111112 0.02267156862745098 0.031862745098039214
1 0.5735294117647058 0.3553921568627451 0.01838235294117647 0.027777777777777776
1 0.5870098039215687 0.3790849673202614 0.015931372549019607 0.026143790849673203
1 0.5796568627450981 0.41299019607843135 0.01838235294117647 0.03022875816993464
1 0.5545343137254902 0.4133986928104575 0.0196078431372549 0.024509803921568627
1 0.616421568627451 0.42483660130718953 0.0196078431372549 0.032679738562091505
1 0.6311274509803921 0.38480392156862747 0.0196078431372549 0.027777777777777776
1 0.5542279411764706 0.3055555555555556 0.016544117647058824 0.026143790849673203
1 0.5585171568627451 0.2630718954248366 0.016544117647058824 0.02287581699346405
1 0.6213235294117647 0.2785947712418301 0.01838235294117647 0.026143790849673203
1 0.7012867647058824 0.34272875816993464 0.02144607843137255 0.03022875816993464
1 0.7132352941176471 0.2994281045751634 0.01838235294117647 0.02696078431372549
1 0.6936274509803921 0.3991013071895425 0.020833333333333332 0.02696078431372549
1 0.6963848039215687 0.5065359477124183 0.02267156862745098 0.03104575163398693
1 0.7432598039215687 0.41299019607843135 0.020833333333333332 0.02696078431372549
1 0.7993259803921569 0.43586601307189543 0.02389705882352941 0.028594771241830064
1 0.8412990196078431 0.4354575163398693 0.020833333333333332 0.029411764705882353
1 0.8544730392156863 0.5723039215686274 0.026348039215686275 0.03349673202614379
1 0.789828431372549 0.49673202614379086 0.025735294117647058 0.03431372549019608
1 0.7377450980392157 0.7851307189542484 0.028186274509803922 0.03594771241830065
1 0.9549632352941176 0.7487745098039216 0.027573529411764705 0.03676470588235294
1 0.9846813725490197 0.6944444444444444 0.02696078431372549 0.04084967320261438
1 0.9911151960784313 0.8496732026143791 0.017769607843137254 0.0392156862745098
1 0.9586397058823529 0.9264705882352942 0.03370098039215686 0.05228758169934641
1 0.47610294117647056 0.9848856209150327 0.031862745098039214 0.03022875816993464
1 0.852328431372549 0.9852941176470589 0.03553921568627451 0.029411764705882353
1 0.7610294117647058 0.24142156862745098 0.01715686274509804 0.02696078431372549
1 0.8066789215686274 0.27532679738562094 0.018995098039215685 0.027777777777777776
1 0.7984068627450981 0.37663398692810457 0.0196078431372549 0.027777777777777776
1 0.9145220588235294 0.26919934640522875 0.018995098039215685 0.02696078431372549
1 0.9405637254901961 0.375 0.01838235294117647 0.026143790849673203
0 0.9515931372549019 0.3500816993464052 0.015931372549019607 0.02696078431372549
1 0.9779411764705882 0.31985294117647056 0.01838235294117647 0.02696078431372549
1 0.9856004901960784 0.39705882352941174 0.016544117647058824 0.029411764705882353
