1 0.40384615384615385 0.38313253012048193 0.057692307692307696 0.0819277108433735
1 0.96875 0.39518072289156625 0.052884615384615384 0.0819277108433735
1 0.7944711538461539 0.38433734939759034 0.05048076923076923 0.0746987951807229
1 0.33774038461538464 0.3891566265060241 0.055288461538461536 0.06987951807228916
1 0.7415865384615384 0.40240963855421685 0.04567307692307692 0.07228915662650602
1 0.15504807692307693 0.655421686746988 0.07451923076923077 0.07228915662650602
0 0.16947115384615385 0.3819277108433735 0.06971153846153846 0.07951807228915662
0 0.6610576923076923 0.39879518072289155 0.04807692307692308 0.06987951807228916
1 0.49158653846153844 0.40843373493975904 0.055288461538461536 0.0746987951807229
1 0.6141826923076923 0.39879518072289155 0.040865384615384616 0.06987951807228916
0 0.5336538461538461 0.40240963855421685 0.04326923076923077 0.05783132530120482
1 0.15384615384615385 0.9879518072289156 0.07692307692307693 0.01927710843373494
