0 0.10416666666666667 0.4527027027027027 0.08833333333333333 0.15945945945945947
0 0.1625 0.5540540540540541 0.115 0.1891891891891892
1 0.19916666666666666 0.377027027027027 0.058333333333333334 0.14324324324324325
0 0.25583333333333336 0.3689189189189189 0.051666666666666666 0.11621621621621622
0 0.30916666666666665 0.4283783783783784 0.06833333333333333 0.13783783783783785
0 0.36833333333333335 0.3081081081081081 0.02666666666666667 0.06486486486486487
0 0.3958333333333333 0.3864864864864865 0.051666666666666666 0.11351351351351352
0 0.43416666666666665 0.3324324324324324 0.03166666666666667 0.07027027027027027
0 0.49333333333333335 0.41081081081081083 0.06333333333333334 0.14594594594594595
0 0.535 0.40540540540540543 0.04 0.11891891891891893
0 0.6 0.3567567567567568 0.03333333333333333 0.10270270270270271
0 0.6325 0.3837837837837838 0.045 0.10270270270270271
0 0.7058333333333333 0.38513513513513514 0.065 0.0945945945945946
0 0.71 0.5202702702702703 0.10666666666666667 0.1864864864864865
0 0.7675 0.4135135135135135 0.055 0.10270270270270271
0 0.8625 0.33783783783783783 0.028333333333333332 0.05405405405405406
0 0.9266666666666666 0.4756756756756757 0.1 0.17297297297297298
1 0.39416666666666667 0.3054054054054054 0.028333333333333332 0.05405405405405406
