1 0.33653846153846156 0.46875 0.07211538461538461 0.08653846153846154
1 0.9230769230769231 0.4543269230769231 0.07211538461538461 0.08173076923076923
1 0.4098557692307692 0.4230769230769231 0.13221153846153846 0.14423076923076922
1 0.5612980769230769 0.4375 0.07932692307692307 0.10576923076923077
1 0.6754807692307693 0.4519230769230769 0.11538461538461539 0.1201923076923077
1 0.8774038461538461 0.4543269230769231 0.057692307692307696 0.0673076923076923
1 0.20793269230769232 0.4699519230769231 0.040865384615384616 0.04567307692307692
1 0.17427884615384615 0.4567307692307692 0.036057692307692304 0.04807692307692308
1 0.28365384615384615 0.4795673076923077 0.04807692307692308 0.055288461538461536
1 0.9242788461538461 0.013221153846153846 0.07451923076923077 0.026442307692307692
1 0.40865384615384615 0.04447115384615385 0.1346153846153846 0.0889423076923077
1 0.5600961538461539 0.027644230769230768 0.08173076923076923 0.055288461538461536
1 0.6766826923076923 0.02403846153846154 0.11778846153846154 0.04807692307692308
1 0.8786057692307693 0.009615384615384616 0.06009615384615385 0.019230769230769232
