1 0.8701923076923077 0.3385542168674699 0.08173076923076923 0.09397590361445783
1 0.9675480769230769 0.3204819277108434 0.055288461538461536 0.11566265060240964
0 0.6442307692307693 0.35180722891566263 0.07211538461538461 0.0819277108433735
0 0.203125 0.30120481927710846 0.10336538461538461 0.12048192771084337
0 0.31971153846153844 0.3566265060240964 0.0625 0.0819277108433735
0 0.44471153846153844 0.3385542168674699 0.052884615384615384 0.06987951807228916
1 0.7223557692307693 0.3457831325301205 0.05048076923076923 0.07951807228915662
1 0.8713942307692307 0.021686746987951807 0.08413461538461539 0.043373493975903614
1 0.9663461538461539 0.03614457831325301 0.057692307692307696 0.07228915662650602
0 0.6454326923076923 0.012048192771084338 0.07451923076923077 0.024096385542168676
0 0.20192307692307693 0.046987951807228916 0.10576923076923077 0.09397590361445783
0 0.32091346153846156 0.00963855421686747 0.06490384615384616 0.01927710843373494
0 0.44591346153846156 0.01566265060240964 0.055288461538461536 0.03132530120481928
1 0.7211538461538461 0.014457831325301205 0.052884615384615384 0.02891566265060241
