1 0.27283653846153844 0.42168674698795183 0.07932692307692307 0.0819277108433735
1 0.5 0.43132530120481927 0.03365384615384615 0.04819277108433735
1 0.46875 0.42771084337349397 0.03365384615384615 0.04578313253012048
1 0.5625 0.43493975903614457 0.038461538461538464 0.04578313253012048
1 0.6009615384615384 0.42168674698795183 0.03365384615384615 0.043373493975903614
1 0.6514423076923077 0.42650602409638555 0.04326923076923077 0.05783132530120482
1 0.9170673076923077 0.3963855421686747 0.09375 0.09397590361445783
1 0.7139423076923077 0.39156626506024095 0.09134615384615384 0.10361445783132531
1 0.7584134615384616 0.41686746987951806 0.036057692307692304 0.05301204819277108
1 0.8557692307692307 0.42048192771084336 0.038461538461538464 0.05060240963855422
