1 0.020689655172413793 0.5142857142857142 0.03793103448275862 0.07428571428571429
1 0.1706896551724138 0.5385714285714286 0.020689655172413793 0.037142857142857144
1 0.23793103448275862 0.5314285714285715 0.02413793103448276 0.04
0 0.2663793103448276 0.53 0.01896551724137931 0.03142857142857143
1 0.3275862068965517 0.5342857142857143 0.017241379310344827 0.02857142857142857
1 0.35 0.53 0.013793103448275862 0.025714285714285714
1 0.3810344827586207 0.5428571428571428 0.013793103448275862 0.022857142857142857
1 0.47413793103448276 0.5157142857142857 0.013793103448275862 0.025714285714285714
0 0.5008620689655172 0.5085714285714286 0.01206896551724138 0.022857142857142857
1 0.5801724137931035 0.43714285714285717 0.01206896551724138 0.022857142857142857
1 0.6103448275862069 0.41285714285714287 0.010344827586206896 0.02
1 0.6370689655172413 0.37714285714285717 0.01206896551724138 0.022857142857142857
1 0.6551724137931034 0.37285714285714283 0.013793103448275862 0.02
1 0.6922413793103448 0.36 0.01206896551724138 0.022857142857142857
1 0.7241379310344828 0.38 0.013793103448275862 0.017142857142857144
