1 0.2956730769230769 0.29397590361445786 0.13942307692307693 0.1783132530120482
1 0.41225961538461536 0.3228915662650602 0.10336538461538461 0.13012048192771083
1 0.47475961538461536 0.3253012048192771 0.09375 0.12048192771084337
1 0.5733173076923077 0.36987951807228914 0.0985576923076923 0.1180722891566265
1 0.7668269230769231 0.4819277108433735 0.038461538461538464 0.05783132530120482
1 0.9375 0.4578313253012048 0.057692307692307696 0.07228915662650602
1 0.296875 0.06506024096385542 0.14182692307692307 0.13012048192771083
1 0.4110576923076923 0.03855421686746988 0.10576923076923077 0.07710843373493977
1 0.4735576923076923 0.03493975903614458 0.09615384615384616 0.06987951807228916
1 0.5721153846153846 0.012048192771084338 0.10096153846153846 0.024096385542168676
