1 0.4567307692307692 0.46033653846153844 0.03365384615384615 0.04567307692307692
1 0.6586538461538461 0.49158653846153844 0.03365384615384615 0.036057692307692304
1 0.09134615384615384 0.4735576923076923 0.028846153846153848 0.04326923076923077
1 0.14182692307692307 0.48677884615384615 0.028846153846153848 0.036057692307692304
1 0.39302884615384615 0.4495192307692308 0.026442307692307692 0.038461538461538464
1 0.7596153846153846 0.4831730769230769 0.028846153846153848 0.04807692307692308
1 0.5528846153846154 0.41466346153846156 0.02403846153846154 0.036057692307692304
1 0.53125 0.39663461538461536 0.028846153846153848 0.038461538461538464
1 0.7992788461538461 0.4567307692307692 0.026442307692307692 0.04807692307692308
1 0.6045673076923077 0.38461538461538464 0.03125 0.03365384615384615
