1 0.0985576923076923 0.31850961538461536 0.057692307692307696 0.06490384615384616
0 0.7668269230769231 0.296875 0.07211538461538461 0.09375
0 0.17067307692307693 0.28966346153846156 0.0625 0.06971153846153846
0 0.4266826923076923 0.2620192307692308 0.07451923076923077 0.09615384615384616
0 0.9074519230769231 0.26802884615384615 0.06009615384615385 0.07932692307692307
0 0.5649038461538461 0.3016826923076923 0.057692307692307696 0.07932692307692307
0 0.6646634615384616 0.3293269230769231 0.055288461538461536 0.07211538461538461
0 0.31971153846153844 0.32211538461538464 0.057692307692307696 0.07692307692307693
1 0.28125 0.32572115384615385 0.028846153846153848 0.04567307692307692
0 0.5264423076923077 0.3173076923076923 0.03365384615384615 0.057692307692307696
0 0.9519230769230769 0.30528846153846156 0.057692307692307696 0.0673076923076923
0 0.3798076923076923 0.31009615384615385 0.04326923076923077 0.057692307692307696
1 0.09975961538461539 0.028846153846153848 0.06009615384615385 0.057692307692307696
0 0.7680288461538461 0.046875 0.07451923076923077 0.09375
0 0.17067307692307693 0.054086538461538464 0.0625 0.06971153846153846
0 0.4266826923076923 0.07932692307692307 0.07451923076923077 0.09615384615384616
0 0.9074519230769231 0.07572115384615384 0.06009615384615385 0.07932692307692307
0 0.5649038461538461 0.042067307692307696 0.057692307692307696 0.07932692307692307
0 0.6634615384615384 0.025240384615384616 0.057692307692307696 0.05048076923076923
0 0.32091346153846156 0.030048076923076924 0.06009615384615385 0.06009615384615385
1 0.2824519230769231 0.020432692307692308 0.03125 0.040865384615384616
0 0.5276442307692307 0.027644230769230768 0.036057692307692304 0.055288461538461536
0 0.9519230769230769 0.036057692307692304 0.057692307692307696 0.0673076923076923
0 0.3798076923076923 0.03125 0.04326923076923077 0.057692307692307696
