1 0.69375 0.26477472205968405 0.052083333333333336 0.04622586307782329
1 0.5479166666666667 0.2598010532475132 0.0625 0.03861907548273844
1 0.43697916666666664 0.2767700409596255 0.051041666666666666 0.03510825043885313
1 0.39010416666666664 0.2179637214745465 0.019791666666666666 0.013458162668227034
1 0.4 0.21503803393797544 0.016666666666666666 0.013458162668227034
0 0.3359375 0.21620830895260387 0.021875 0.013458162668227034
1 0.43802083333333336 0.21825629022820361 0.019791666666666666 0.012873025160912814
0 0.475 0.21328262141603277 0.022916666666666665 0.01579871269748391
0 0.49947916666666664 0.21562317144528964 0.017708333333333333 0.016968987712112346
0 0.5140625 0.21825629022820361 0.017708333333333333 0.014043300175541252
0 0.490625 0.19514335868929197 0.022916666666666665 0.014628437682855471
0 0.625 0.22381509654768872 0.022916666666666665 0.01579871269748391
0 0.640625 0.21620830895260387 0.010416666666666666 0.008777062609713282
0 0.6223958333333334 0.20889409011117613 0.011458333333333333 0.008191925102399064
0 0.609375 0.21825629022820361 0.010416666666666666 0.008191925102399064
0 0.59375 0.20977179637214746 0.0125 0.008777062609713282
0 0.5546875 0.21884142773551785 0.011458333333333333 0.008191925102399064
0 0.5682291666666667 0.21884142773551785 0.011458333333333333 0.008191925102399064
0 0.5328125 0.2173785839672323 0.011458333333333333 0.0076067875950848445
1 0.5776041666666667 0.232592159157402 0.017708333333333333 0.011117612638970159
0 0.6630208333333333 0.2480983031012288 0.015625 0.010532475131655939
