1 0.807 0.5542168674698795 0.054 0.10240963855421686
1 0.878 0.5436746987951807 0.036 0.06325301204819277
1 0.7 0.5466867469879518 0.044 0.07530120481927711
1 0.665 0.5346385542168675 0.034 0.05120481927710843
1 0.58 0.5496987951807228 0.036 0.06927710843373494
1 0.543 0.5391566265060241 0.03 0.04819277108433735
1 0.507 0.5045180722891566 0.022 0.03313253012048193
1 0.456 0.5301204819277109 0.036 0.060240963855421686
1 0.757 0.5286144578313253 0.042 0.07530120481927711
1 0.93 0.5301204819277109 0.032 0.05421686746987952
1 0.37 0.5316265060240963 0.032 0.05120481927710843
1 0.324 0.5225903614457831 0.028 0.045180722891566265
1 0.262 0.5301204819277109 0.028 0.04819277108433735
1 0.223 0.5180722891566265 0.03 0.04819277108433735
1 0.189 0.5135542168674698 0.03 0.045180722891566265
1 0.157 0.5 0.022 0.04819277108433735
1 0.138 0.5105421686746988 0.02 0.0391566265060241
1 0.101 0.5045180722891566 0.018 0.03313253012048193
1 0.065 0.5030120481927711 0.018 0.030120481927710843
1 0.021 0.4924698795180723 0.018 0.03313253012048193
1 0.97 0.5210843373493976 0.024 0.05421686746987952
