1 0.5985576923076923 0.375 0.11057692307692307 0.12980769230769232
1 0.8521634615384616 0.42427884615384615 0.06971153846153846 0.08413461538461539
1 0.15504807692307693 0.42427884615384615 0.07932692307692307 0.0985576923076923
1 0.09735576923076923 0.4182692307692308 0.05048076923076923 0.0673076923076923
1 0.7740384615384616 0.4026442307692308 0.052884615384615384 0.06971153846153846
1 0.39783653846153844 0.4495192307692308 0.0985576923076923 0.15865384615384615
1 0.9567307692307693 0.39302884615384615 0.052884615384615384 0.10817307692307693
1 0.453125 0.39903846153846156 0.03125 0.04807692307692308
1 0.7211538461538461 0.42427884615384615 0.04326923076923077 0.04567307692307692
1 0.6947115384615384 0.4074519230769231 0.02403846153846154 0.03125
0 0.5072115384615384 0.39302884615384615 0.03365384615384615 0.04567307692307692
1 0.5997596153846154 0.0625 0.11298076923076923 0.125
1 0.8509615384615384 0.026442307692307692 0.07211538461538461 0.052884615384615384
1 0.15384615384615385 0.030048076923076924 0.08173076923076923 0.06009615384615385
1 0.09615384615384616 0.025240384615384616 0.052884615384615384 0.05048076923076923
1 0.7752403846153846 0.03365384615384615 0.055288461538461536 0.0673076923076923
1 0.39663461538461536 0.03245192307692308 0.10096153846153846 0.06490384615384616
1 0.9579326923076923 0.04807692307692308 0.055288461538461536 0.09615384615384616
1 0.453125 0.03365384615384615 0.03125 0.04807692307692308
1 0.7223557692307693 0.016826923076923076 0.04567307692307692 0.03365384615384615
1 0.6947115384615384 0.027644230769230768 0.02403846153846154 0.03125
0 0.5072115384615384 0.042067307692307696 0.03365384615384615 0.04567307692307692
