0 0.188 0.16612377850162866 0.084 0.1563517915309446
0 0.285 0.15472312703583063 0.07 0.14006514657980457
0 0.406 0.13843648208469056 0.06 0.11400651465798045
1 0.535 0.16449511400651465 0.042 0.08794788273615635
1 0.578 0.18078175895765472 0.044 0.09446254071661238
0 0.637 0.18892508143322476 0.058 0.11726384364820847
0 0.684 0.1758957654723127 0.044 0.08469055374592833
1 0.716 0.18241042345276873 0.036 0.0781758957654723
0 0.796 0.1775244299674267 0.072 0.13355048859934854
0 0.913 0.1498371335504886 0.05 0.09771986970684039
0 0.949 0.19218241042345277 0.066 0.09120521172638436
