1 0.14783653846153846 0.3389423076923077 0.0889423076923077 0.11057692307692307
1 0.8846153846153846 0.3737980769230769 0.07211538461538461 0.09375
1 0.37740384615384615 0.38461538461538464 0.04807692307692308 0.0673076923076923
1 0.09615384615384616 0.35336538461538464 0.03365384615384615 0.0625
0 0.5865384615384616 0.33653846153846156 0.0625 0.07692307692307693
0 0.29086538461538464 0.3737980769230769 0.0625 0.07451923076923077
0 0.44471153846153844 0.36658653846153844 0.057692307692307696 0.07451923076923077
0 0.7307692307692307 0.38100961538461536 0.052884615384615384 0.06009615384615385
0 0.8197115384615384 0.3737980769230769 0.052884615384615384 0.06490384615384616
0 0.5048076923076923 0.35697115384615385 0.057692307692307696 0.06971153846153846
1 0.1466346153846154 0.030048076923076924 0.09134615384615384 0.06009615384615385
1 0.09735576923076923 0.010817307692307692 0.036057692307692304 0.021634615384615384
0 0.5877403846153846 0.02283653846153846 0.06490384615384616 0.04567307692307692
0 0.44591346153846156 0.007211538461538462 0.06009615384615385 0.014423076923076924
0 0.5060096153846154 0.010817307692307692 0.06009615384615385 0.021634615384615384
