0 0.6754807692307693 0.3108433734939759 0.0673076923076923 0.09156626506024096
0 0.49399038461538464 0.3216867469879518 0.06009615384615385 0.06987951807228916
0 0.35336538461538464 0.3313253012048193 0.08173076923076923 0.08433734939759036
0 0.19831730769230768 0.29036144578313255 0.09375 0.1180722891566265
0 0.13701923076923078 0.3409638554216867 0.057692307692307696 0.0746987951807229
0 0.6069711538461539 0.3325301204819277 0.036057692307692304 0.06265060240963856
0 0.08413461538461539 0.3457831325301205 0.04326923076923077 0.05542168674698795
0 0.5649038461538461 0.3506024096385542 0.038461538461538464 0.05542168674698795
0 0.6766826923076923 0.03493975903614458 0.06971153846153846 0.06987951807228916
0 0.49278846153846156 0.024096385542168676 0.0625 0.04819277108433735
0 0.3545673076923077 0.02289156626506024 0.08413461538461539 0.04578313253012048
0 0.1971153846153846 0.051807228915662654 0.09615384615384616 0.10361445783132531
0 0.13822115384615385 0.01566265060240964 0.06009615384615385 0.03132530120481928
0 0.6057692307692307 0.016867469879518072 0.038461538461538464 0.033734939759036145
0 0.08533653846153846 0.008433734939759036 0.04567307692307692 0.016867469879518072
0 0.5661057692307693 0.006024096385542169 0.040865384615384616 0.012048192771084338
