1 0.41466346153846156 0.3076923076923077 0.07932692307692307 0.07211538461538461
1 0.84375 0.15625 0.057692307692307696 0.052884615384615384
1 0.5348557692307693 0.1778846153846154 0.04567307692307692 0.04807692307692308
1 0.4170673076923077 0.15625 0.05048076923076923 0.052884615384615384
1 0.33052884615384615 0.15865384615384615 0.036057692307692304 0.038461538461538464
1 0.23918269230769232 0.1622596153846154 0.036057692307692304 0.04567307692307692
1 0.12620192307692307 0.15504807692307693 0.04567307692307692 0.036057692307692304
1 0.7548076923076923 0.19110576923076922 0.04326923076923077 0.040865384615384616
1 0.84375 0.09375 0.057692307692307696 0.052884615384615384
1 0.5348557692307693 0.07211538461538461 0.04567307692307692 0.04807692307692308
1 0.4170673076923077 0.09375 0.05048076923076923 0.052884615384615384
1 0.33052884615384615 0.09134615384615384 0.036057692307692304 0.038461538461538464
1 0.23918269230769232 0.09014423076923077 0.036057692307692304 0.04567307692307692
1 0.12620192307692307 0.09735576923076923 0.04567307692307692 0.036057692307692304
1 0.7548076923076923 0.06129807692307692 0.04326923076923077 0.040865384615384616
