1 0.6286057692307693 0.24096385542168675 0.14182692307692307 0.15903614457831325
1 0.4579326923076923 0.24819277108433735 0.06971153846153846 0.08674698795180723
1 0.8197115384615384 0.3674698795180723 0.27403846153846156 0.2819277108433735
1 0.06971153846153846 0.2397590361445783 0.057692307692307696 0.06987951807228916
1 0.2704326923076923 0.28674698795180725 0.06009615384615385 0.0819277108433735
1 0.6274038461538461 0.07951807228915662 0.14423076923076922 0.15903614457831325
1 0.4579326923076923 0.06987951807228916 0.06971153846153846 0.08674698795180723
1 0.8209134615384616 0.046987951807228916 0.2764423076923077 0.09397590361445783
1 0.06971153846153846 0.08072289156626505 0.057692307692307696 0.06987951807228916
1 0.2692307692307692 0.03734939759036145 0.0625 0.0746987951807229
