1 0.4241666666666667 0.189375 0.021666666666666667 0.02125
1 0.44583333333333336 0.28 0.028333333333333332 0.02
1 0.42 0.400625 0.03 0.02625
1 0.41583333333333333 0.62375 0.03166666666666667 0.0275
1 0.42 0.796875 0.10666666666666667 0.09625
1 0.6683333333333333 0.71 0.04666666666666667 0.05
1 0.7341666666666666 0.720625 0.03833333333333333 0.04125
1 0.7891666666666667 0.71125 0.03166666666666667 0.045
1 0.8208333333333333 0.715625 0.04833333333333333 0.05125
1 0.6266666666666667 0.71875 0.04 0.04
1 0.5866666666666667 0.726875 0.04 0.03625
0 0.14416666666666667 0.84625 0.09166666666666666 0.08
1 0.9491666666666667 0.8525 0.10166666666666667 0.155
