0 0.13488372093023257 0.41640866873065013 0.08372093023255814 0.12693498452012383
0 0.14186046511627906 0.30495356037151705 0.06976744186046512 0.11455108359133127
0 0.30697674418604654 0.3173374613003096 0.06046511627906977 0.09597523219814241
0 0.2709302325581395 0.4117647058823529 0.05813953488372093 0.11145510835913312
0 0.3872093023255814 0.3637770897832817 0.06279069767441861 0.10835913312693499
0 0.47093023255813954 0.39164086687306504 0.053488372093023255 0.09597523219814241
0 0.4906976744186046 0.3328173374613003 0.046511627906976744 0.08359133126934984
0 0.5058139534883721 0.42569659442724456 0.053488372093023255 0.08978328173374613
0 0.6093023255813953 0.4071207430340557 0.05116279069767442 0.08978328173374613
0 0.7348837209302326 0.4071207430340557 0.06511627906976744 0.10835913312693499
0 0.8372093023255814 0.4055727554179567 0.046511627906976744 0.09287925696594428
0 0.8697674418604651 0.43034055727554177 0.05581395348837209 0.10526315789473684
0 0.9209302325581395 0.42724458204334365 0.046511627906976744 0.0804953560371517
0 0.9651162790697675 0.4117647058823529 0.06976744186046512 0.14860681114551083
