1 0.1060344827586207 0.2351421188630491 0.09827586206896552 0.18604651162790697
1 0.29482758620689653 0.1524547803617571 0.13448275862068965 0.27906976744186046
1 0.49482758620689654 0.1925064599483204 0.05172413793103448 0.1731266149870801
1 0.625 0.2054263565891473 0.10862068965517241 0.2454780361757106
1 0.7793103448275862 0.1111111111111111 0.07241379310344828 0.15503875968992248
1 0.8241379310344827 0.15762273901808785 0.04482758620689655 0.11369509043927649
1 0.8517241379310345 0.2157622739018088 0.05172413793103448 0.08527131782945736
1 0.9189655172413793 0.20025839793281655 0.0896551724137931 0.14728682170542637
1 0.01810344827586207 0.2364341085271318 0.032758620689655175 0.16795865633074936
1 0.1706896551724138 0.2441860465116279 0.06551724137931035 0.18863049095607234
1 0.371551724137931 0.2235142118863049 0.04310344827586207 0.14728682170542637
1 0.5379310344827586 0.23126614987080105 0.05862068965517241 0.14728682170542637
1 0.43275862068965515 0.1847545219638243 0.10689655172413794 0.24031007751937986
