1 0.11090909090909092 0.3555858310626703 0.08363636363636363 0.16076294277929154
1 0.1618181818181818 0.3188010899182561 0.06909090909090909 0.14168937329700274
1 0.3145454545454546 0.3528610354223433 0.08 0.1553133514986376
1 0.3990909090909091 0.3119891008174387 0.06727272727272728 0.1444141689373297
1 0.4718181818181818 0.3133514986376022 0.08181818181818182 0.16893732970027248
1 0.7436363636363637 0.32697547683923706 0.06181818181818182 0.11989100817438691
1 0.8481818181818181 0.3106267029972752 0.06 0.11444141689373297
1 0.9509090909090909 0.3079019073569482 0.09090909090909091 0.16348773841961853
1 0.5663636363636364 0.3242506811989101 0.0890909090909091 0.16893732970027248
1 0.6345454545454545 0.36103542234332425 0.03636363636363636 0.06267029972752043
1 0.6736363636363636 0.329700272479564 0.07090909090909091 0.1362397820163488
1 0.8063636363636364 0.3474114441416894 0.08545454545454545 0.16076294277929154
