1 0.5192307692307693 0.3493975903614458 0.07692307692307693 0.10602409638554217
1 0.08653846153846154 0.327710843373494 0.12980769230769232 0.163855421686747
1 0.41346153846153844 0.3566265060240964 0.09134615384615384 0.1108433734939759
1 0.203125 0.3421686746987952 0.07932692307692307 0.11566265060240964
1 0.3401442307692308 0.3566265060240964 0.06009615384615385 0.0819277108433735
1 0.26322115384615385 0.35542168674698793 0.04567307692307692 0.07951807228915662
1 0.5733173076923077 0.363855421686747 0.040865384615384616 0.05783132530120482
1 0.6670673076923077 0.3397590361445783 0.05048076923076923 0.06265060240963856
1 0.6225961538461539 0.3614457831325301 0.03365384615384615 0.05783132530120482
1 0.30288461538461536 0.3674698795180723 0.03365384615384615 0.06987951807228916
1 0.5204326923076923 0.01927710843373494 0.07932692307692307 0.03855421686746988
1 0.08774038461538461 0.04457831325301205 0.13221153846153846 0.0891566265060241
1 0.41466346153846156 0.016867469879518072 0.09375 0.033734939759036145
1 0.20192307692307693 0.02530120481927711 0.08173076923076923 0.05060240963855422
1 0.3389423076923077 0.00963855421686747 0.0625 0.01927710843373494
1 0.2620192307692308 0.00963855421686747 0.04807692307692308 0.01927710843373494
1 0.6658653846153846 0.01325301204819277 0.052884615384615384 0.02650602409638554
