0 0.187 0.2972972972972973 0.09 0.16816816816816818
1 0.916 0.38738738738738737 0.136 0.24024024024024024
1 0.72 0.2702702702702703 0.092 0.1981981981981982
1 0.622 0.37237237237237236 0.072 0.13213213213213212
1 0.52 0.3108108108108108 0.056 0.11711711711711711
1 0.296 0.3108108108108108 0.032 0.06306306306306306
1 0.835 0.2987987987987988 0.086 0.15915915915915915
1 0.447 0.3153153153153153 0.046 0.0960960960960961
1 0.409 0.2987987987987988 0.046 0.08108108108108109
1 0.349 0.30180180180180183 0.042 0.08108108108108109
1 0.577 0.3123123123123123 0.03 0.06606606606606606
1 0.666 0.30930930930930933 0.04 0.09009009009009009
1 0.14 0.32732732732732733 0.024 0.042042042042042045
1 0.098 0.3333333333333333 0.02 0.03003003003003003
1 0.478 0.33933933933933935 0.036 0.07207207207207207
