0 0.13381555153707053 0.5096385542168674 0.0433996383363472 0.06506024096385542
0 0.31103074141048825 0.4771084337349398 0.05786618444846293 0.08674698795180723
0 0.3770343580470163 0.5096385542168674 0.019891500904159132 0.04096385542168675
0 0.3996383363471971 0.4975903614457831 0.0325497287522604 0.06506024096385542
0 0.5018083182640145 0.4734939759036145 0.05605786618444846 0.07951807228915662
0 0.5343580470162749 0.4951807228915663 0.0162748643761302 0.03132530120481928
0 0.5533453887884268 0.4963855421686747 0.02531645569620253 0.03855421686746988
0 0.5985533453887885 0.4963855421686747 0.02531645569620253 0.033734939759036145
0 0.6690777576853526 0.4843373493975904 0.08318264014466546 0.10120481927710843
0 0.783001808318264 0.4614457831325301 0.05786618444846293 0.07951807228915662
