1 0.7925925925925926 0.3685185185185185 0.044444444444444446 0.07530864197530865
1 0.6875 0.36049382716049383 0.03981481481481482 0.06172839506172839
1 0.6217592592592592 0.4160493827160494 0.03796296296296296 0.06666666666666667
1 0.5717592592592593 0.3925925925925926 0.03425925925925926 0.06419753086419754
1 0.5291666666666667 0.4265432098765432 0.03611111111111111 0.06790123456790123
1 0.49583333333333335 0.4104938271604938 0.032407407407407406 0.06049382716049383
1 0.4537037037037037 0.4228395061728395 0.037037037037037035 0.0654320987654321
1 0.35324074074074074 0.404320987654321 0.03796296296296296 0.06296296296296296
1 0.24861111111111112 0.4666666666666667 0.03796296296296296 0.07160493827160494
1 0.16620370370370371 0.41790123456790124 0.03981481481481482 0.06790123456790123
1 0.09583333333333334 0.49753086419753084 0.041666666666666664 0.06666666666666667
