1 0.03076171875 0.41381668946648426 0.0576171875 0.09712722298221614
1 0.20263671875 0.4117647058823529 0.0576171875 0.09028727770177838
1 0.2373046875 0.45143638850889195 0.033203125 0.07113543091655267
1 0.28564453125 0.4069767441860465 0.0205078125 0.03419972640218878
1 0.501953125 0.4151846785225718 0.029296875 0.047879616963064295
1 0.53125 0.41928864569083446 0.02734375 0.047879616963064295
1 0.6318359375 0.41450068399452805 0.0390625 0.06292749658002736
1 0.6708984375 0.44049247606019154 0.025390625 0.046511627906976744
1 0.734375 0.41928864569083446 0.048828125 0.08344733242134063
1 0.80078125 0.4220246238030096 0.044921875 0.07250341997264022
1 0.87060546875 0.448016415868673 0.0419921875 0.06429548563611491
