1 0.31009615384615385 0.2283653846153846 0.08653846153846154 0.10096153846153846
1 0.9050480769230769 0.30288461538461536 0.06490384615384616 0.07211538461538461
1 0.027644230769230768 0.23076923076923078 0.05048076923076923 0.11057692307692307
1 0.5336538461538461 0.28846153846153844 0.052884615384615384 0.0673076923076923
1 0.6009615384615384 0.28125 0.0673076923076923 0.07211538461538461
1 0.4951923076923077 0.22596153846153846 0.03365384615384615 0.04326923076923077
1 0.7151442307692307 0.21875 0.036057692307692304 0.052884615384615384
1 0.8257211538461539 0.24519230769230768 0.05048076923076923 0.052884615384615384
1 0.796875 0.22115384615384615 0.036057692307692304 0.04807692307692308
1 0.5588942307692307 0.234375 0.026442307692307692 0.04567307692307692
1 0.8485576923076923 0.23317307692307693 0.03365384615384615 0.04807692307692308
1 0.3112980769230769 0.037259615384615384 0.0889423076923077 0.07451923076923077
1 0.026442307692307692 0.038461538461538464 0.052884615384615384 0.07692307692307693
1 0.4951923076923077 0.02403846153846154 0.03365384615384615 0.04326923076923077
1 0.7151442307692307 0.03125 0.036057692307692304 0.052884615384615384
1 0.8245192307692307 0.016826923076923076 0.052884615384615384 0.03365384615384615
1 0.796875 0.028846153846153848 0.036057692307692304 0.04807692307692308
1 0.5576923076923077 0.020432692307692308 0.028846153846153848 0.040865384615384616
1 0.8497596153846154 0.021634615384615384 0.036057692307692304 0.04326923076923077
