0 0.96875 0.6156626506024097 0.03365384615384615 0.04578313253012048
0 0.13822115384615385 0.5602409638554217 0.03125 0.04096385542168675
0 0.17548076923076922 0.5759036144578313 0.04326923076923077 0.05301204819277108
0 0.26322115384615385 0.5710843373493976 0.040865384615384616 0.043373493975903614
0 0.34375 0.5771084337349398 0.03365384615384615 0.03132530120481928
0 0.4014423076923077 0.5927710843373494 0.03365384615384615 0.043373493975903614
0 0.49399038461538464 0.6036144578313253 0.04567307692307692 0.04578313253012048
0 0.5252403846153846 0.5855421686746988 0.026442307692307692 0.033734939759036145
0 0.5504807692307693 0.5819277108433735 0.03365384615384615 0.04578313253012048
0 0.5949519230769231 0.5987951807228916 0.03125 0.03132530120481928
0 0.625 0.6072289156626506 0.04326923076923077 0.04819277108433735
0 0.6814903846153846 0.6132530120481928 0.036057692307692304 0.04096385542168675
0 0.7668269230769231 0.6 0.04326923076923077 0.04819277108433735
0 0.84375 0.608433734939759 0.038461538461538464 0.04578313253012048
0 0.9098557692307693 0.6240963855421687 0.040865384615384616 0.03855421686746988
