0 0.1201923076923077 0.3581730769230769 0.04807692307692308 0.057692307692307696
0 0.23918269230769232 0.34134615384615385 0.07451923076923077 0.07692307692307693
0 0.2860576923076923 0.3557692307692308 0.03365384615384615 0.052884615384615384
0 0.44471153846153844 0.35216346153846156 0.052884615384615384 0.06971153846153846
0 0.5552884615384616 0.390625 0.028846153846153848 0.04567307692307692
0 0.6141826923076923 0.35336538461538464 0.040865384615384616 0.04807692307692308
0 0.6899038461538461 0.35096153846153844 0.038461538461538464 0.04807692307692308
0 0.7764423076923077 0.32572115384615385 0.07692307692307693 0.06971153846153846
0 0.23798076923076922 0.008413461538461538 0.07692307692307693 0.016826923076923076
0 0.7776442307692307 0.014423076923076924 0.07932692307692307 0.028846153846153848
