1 0.18727272727272729 0.37329700272479566 0.05090909090909091 0.07629427792915532
1 0.27 0.4196185286103542 0.038181818181818185 0.07084468664850137
1 0.3118181818181818 0.3978201634877384 0.045454545454545456 0.07629427792915532
1 0.3463636363636364 0.41689373297002724 0.03090909090909091 0.05994550408719346
1 0.4718181818181818 0.4128065395095368 0.04181818181818182 0.0681198910081744
1 0.5636363636363636 0.41825613079019075 0.03636363636363636 0.07901907356948229
1 0.6163636363636363 0.385558583106267 0.05818181818181818 0.08446866485013624
1 0.6972727272727273 0.43460490463215257 0.03090909090909091 0.06267029972752043
1 0.4 0.4100817438692098 0.05818181818181818 0.09536784741144415
1 0.2390909090909091 0.3201634877384196 0.07090909090909091 0.1226158038147139
