1 0.5661057692307693 0.6180722891566265 0.05048076923076923 0.05060240963855422
1 0.9555288461538461 0.6409638554216868 0.055288461538461536 0.05301204819277108
1 0.13221153846153846 0.5903614457831325 0.04326923076923077 0.04819277108433735
1 0.3557692307692308 0.4879518072289157 0.038461538461538464 0.03614457831325301
1 0.24158653846153846 0.46987951807228917 0.03125 0.033734939759036145
1 0.06971153846153846 0.491566265060241 0.028846153846153848 0.033734939759036145
1 0.3713942307692308 0.5445783132530121 0.026442307692307692 0.024096385542168676
1 0.5216346153846154 0.43132530120481927 0.02403846153846154 0.02891566265060241
1 0.49038461538461536 0.42168674698795183 0.028846153846153848 0.02891566265060241
1 0.7584134615384616 0.41686746987951806 0.040865384615384616 0.033734939759036145
1 0.10096153846153846 0.41807228915662653 0.028846153846153848 0.021686746987951807
1 0.1346153846153846 0.4036144578313253 0.028846153846153848 0.02650602409638554
1 0.18990384615384615 0.38674698795180723 0.019230769230769232 0.021686746987951807
0 0.15384615384615385 0.6132530120481928 0.03365384615384615 0.03614457831325301
1 0.2608173076923077 0.43373493975903615 0.021634615384615384 0.024096385542168676
