1 0.7908653846153846 0.47475961538461536 0.18269230769230768 0.21875
1 0.4651442307692308 0.32091346153846156 0.08413461538461539 0.0985576923076923
1 0.5276442307692307 0.38341346153846156 0.14182692307692307 0.13701923076923078
1 0.3798076923076923 0.27403846153846156 0.04807692307692308 0.057692307692307696
1 0.109375 0.21033653846153846 0.04567307692307692 0.07932692307692307
1 0.3004807692307692 0.21875 0.052884615384615384 0.0673076923076923
1 0.3858173076923077 0.22355769230769232 0.05048076923076923 0.057692307692307696
1 0.3485576923076923 0.21634615384615385 0.038461538461538464 0.04807692307692308
1 0.109375 0.042067307692307696 0.04567307692307692 0.07932692307692307
1 0.3016826923076923 0.03365384615384615 0.055288461538461536 0.0673076923076923
1 0.38461538461538464 0.028846153846153848 0.052884615384615384 0.057692307692307696
1 0.3485576923076923 0.03365384615384615 0.038461538461538464 0.04807692307692308
