0 0.21 0.25150602409638556 0.06 0.09939759036144578
0 0.023 0.16566265060240964 0.038 0.07228915662650602
0 0.316 0.33433734939759036 0.032 0.04819277108433735
0 0.353 0.35240963855421686 0.026 0.04819277108433735
0 0.392 0.35240963855421686 0.032 0.060240963855421686
0 0.473 0.39759036144578314 0.046 0.08433734939759036
0 0.672 0.2891566265060241 0.064 0.12650602409638553
0 0.727 0.27710843373493976 0.05 0.09036144578313253
0 0.869 0.27710843373493976 0.062 0.1144578313253012
0 0.944 0.3433734939759036 0.04 0.08433734939759036
