1 0.35697115384615385 0.3088942307692308 0.08413461538461539 0.11298076923076923
1 0.6189903846153846 0.2824519230769231 0.07451923076923077 0.10817307692307693
1 0.5456730769230769 0.3293269230769231 0.11057692307692307 0.14423076923076922
0 0.8449519230769231 0.3293269230769231 0.20432692307692307 0.22115384615384615
0 0.4387019230769231 0.34975961538461536 0.07451923076923077 0.0985576923076923
0 0.04927884615384615 0.33653846153846156 0.07451923076923077 0.10096153846153846
0 0.11899038461538461 0.31490384615384615 0.06490384615384616 0.08173076923076923
0 0.7632211538461539 0.203125 0.09375 0.11778846153846154
1 0.6177884615384616 0.01201923076923077 0.07692307692307693 0.02403846153846154
0 0.7620192307692307 0.054086538461538464 0.09615384615384616 0.10817307692307693
