1 0.7866666666666666 0.74 0.052 0.1
1 0.6086666666666667 0.6715 0.042666666666666665 0.081
1 0.4573333333333333 0.622 0.03333333333333333 0.082
1 0.40066666666666667 0.5 0.036 0.072
1 0.4226666666666667 0.433 0.03333333333333333 0.072
1 0.281 0.34 0.026 0.068
1 0.26 0.3085 0.028 0.053
1 0.215 0.2815 0.03 0.061
1 0.448 0.314 0.02666666666666667 0.04
1 0.37633333333333335 0.317 0.022 0.036
1 0.3303333333333333 0.328 0.022 0.04
1 0.31033333333333335 0.343 0.016666666666666666 0.04
1 0.5956666666666667 0.3515 0.019333333333333334 0.031
1 0.18066666666666667 0.293 0.024 0.04
