1 0.15985576923076922 0.5997596153846154 0.040865384615384616 0.040865384615384616
1 0.25600961538461536 0.6177884615384616 0.055288461538461536 0.0625
1 0.34615384615384615 0.6201923076923077 0.03365384615384615 0.03365384615384615
1 0.3858173076923077 0.609375 0.036057692307692304 0.04567307692307692
1 0.5240384615384616 0.6213942307692307 0.038461538461538464 0.04567307692307692
1 0.6033653846153846 0.625 0.04326923076923077 0.057692307692307696
1 0.7091346153846154 0.640625 0.03365384615384615 0.040865384615384616
1 0.6466346153846154 0.6322115384615384 0.03365384615384615 0.038461538461538464
1 0.22115384615384615 0.6177884615384616 0.03365384615384615 0.04326923076923077
1 0.5733173076923077 0.6274038461538461 0.036057692307692304 0.038461538461538464
0 0.4483173076923077 0.6298076923076923 0.055288461538461536 0.057692307692307696
1 0.44471153846153844 0.5961538461538461 0.038461538461538464 0.03365384615384615
