1 0.8541666666666666 0.33194444444444443 0.03333333333333333 0.05277777777777778
0 0.7270833333333333 0.7430555555555556 0.03333333333333333 0.04722222222222222
1 0.7364583333333333 0.4486111111111111 0.03125 0.04722222222222222
1 0.628125 0.35833333333333334 0.03958333333333333 0.05555555555555555
1 0.5520833333333334 0.5430555555555555 0.03333333333333333 0.05277777777777778
1 0.5510416666666667 0.6333333333333333 0.03125 0.05
1 0.48020833333333335 0.7888888888888889 0.035416666666666666 0.05555555555555555
1 0.26979166666666665 0.5972222222222222 0.03958333333333333 0.05555555555555555
1 0.26875 0.3402777777777778 0.0375 0.058333333333333334
1 0.15833333333333333 0.4736111111111111 0.041666666666666664 0.06388888888888888
1 0.328125 0.4527777777777778 0.03958333333333333 0.05555555555555555
0 0.375 0.5333333333333333 0.03333333333333333 0.05
