1 0.11125 0.3140794223826715 0.0425 0.08664259927797834
1 0.33 0.29061371841155237 0.03 0.06859205776173286
1 0.36625 0.2815884476534296 0.0625 0.1371841155234657
1 0.55 0.2328519855595668 0.07 0.13357400722021662
1 0.62875 0.2851985559566787 0.0525 0.10108303249097472
1 0.73375 0.29061371841155237 0.0375 0.08303249097472924
1 0.8525 0.2851985559566787 0.05 0.10108303249097472
1 0.88625 0.2815884476534296 0.0325 0.07942238267148015
1 0.945 0.3140794223826715 0.035 0.06498194945848375
1 0.795 0.26173285198555957 0.07 0.13357400722021662
1 0.67875 0.30144404332129965 0.0525 0.09747292418772563
1 0.16 0.29783393501805056 0.07 0.13357400722021662
1 0.2075 0.2779783393501805 0.04 0.09386281588447654
1 0.49 0.296028880866426 0.025 0.04332129963898917
