0 0.088 0.5988023952095808 0.152 0.20958083832335328
0 0.068 0.29790419161676646 0.052 0.09281437125748503
0 0.08 0.27395209580838326 0.048 0.08083832335329341
0 0.075 0.17964071856287425 0.03 0.04790419161676647
0 0.16 0.20508982035928144 0.036 0.05688622754491018
0 0.234 0.2559880239520958 0.032 0.04491017964071856
0 0.267 0.21706586826347304 0.03 0.038922155688622756
0 0.304 0.23502994011976047 0.032 0.05089820359281437
0 0.362 0.2949101796407186 0.04 0.05688622754491018
0 0.324 0.3263473053892216 0.052 0.0718562874251497
0 0.35 0.38622754491017963 0.052 0.08982035928143713
0 0.423 0.38323353293413176 0.062 0.09580838323353294
0 0.459 0.6751497005988024 0.178 0.3083832335329341
0 0.56 0.4221556886227545 0.072 0.10778443113772455
0 0.578 0.3188622754491018 0.048 0.0748502994011976
0 0.664 0.34281437125748504 0.06 0.09281437125748503
0 0.727 0.41467065868263475 0.07 0.12275449101796407
0 0.732 0.33083832335329344 0.056 0.08083832335329341
0 0.827 0.20359281437125748 0.042 0.0718562874251497
0 0.966 0.4041916167664671 0.06 0.10778443113772455
