1 0.10576923076923077 0.4483173076923077 0.10576923076923077 0.12259615384615384
1 0.9350961538461539 0.5 0.04326923076923077 0.04326923076923077
1 0.8894230769230769 0.4987980769230769 0.03365384615384615 0.040865384615384616
1 0.36899038461538464 0.4675480769230769 0.06971153846153846 0.09375
1 0.4170673076923077 0.47836538461538464 0.04567307692307692 0.07211538461538461
1 0.46634615384615385 0.4855769230769231 0.04326923076923077 0.057692307692307696
1 0.49759615384615385 0.4699519230769231 0.038461538461538464 0.06009615384615385
1 0.6021634615384616 0.5012019230769231 0.040865384615384616 0.04567307692307692
1 0.6526442307692307 0.4987980769230769 0.036057692307692304 0.04567307692307692
1 0.7259615384615384 0.49399038461538464 0.038461538461538464 0.05048076923076923
1 0.7872596153846154 0.5060096153846154 0.021634615384615384 0.03125
1 0.8461538461538461 0.49759615384615385 0.03365384615384615 0.04326923076923077
1 0.8209134615384616 0.4951923076923077 0.021634615384615384 0.038461538461538464
0 0.5649038461538461 0.484375 0.028846153846153848 0.040865384615384616
0 0.515625 0.4951923076923077 0.026442307692307692 0.03365384615384615
