0 0.5480769230769231 0.28365384615384615 0.08173076923076923 0.10576923076923077
0 0.2548076923076923 0.29086538461538464 0.09615384615384616 0.09615384615384616
0 0.6598557692307693 0.3317307692307692 0.06490384615384616 0.08173076923076923
0 0.375 0.27283653846153844 0.08173076923076923 0.0889423076923077
0 0.9423076923076923 0.3317307692307692 0.0625 0.07692307692307693
0 0.7512019230769231 0.3161057692307692 0.06971153846153846 0.07932692307692307
0 0.021634615384615384 0.29447115384615385 0.04326923076923077 0.08413461538461539
0 0.7079326923076923 0.35216346153846156 0.040865384615384616 0.06490384615384616
0 0.5492788461538461 0.010817307692307692 0.08413461538461539 0.021634615384615384
0 0.3762019230769231 0.01201923076923077 0.08413461538461539 0.02403846153846154
