1 0.7295673076923077 0.40481927710843374 0.05048076923076923 0.04819277108433735
1 0.15384615384615385 0.5325301204819277 0.04807692307692308 0.04819277108433735
1 0.6502403846153846 0.42891566265060244 0.036057692307692304 0.05301204819277108
1 0.7632211538461539 0.42409638554216866 0.036057692307692304 0.05301204819277108
1 0.9122596153846154 0.3530120481927711 0.04567307692307692 0.04578313253012048
1 0.7295673076923077 0.1686746987951807 0.05048076923076923 0.04819277108433735
1 0.15384615384615385 0.04096385542168675 0.04807692307692308 0.04819277108433735
1 0.15384615384615385 0.8963855421686747 0.04807692307692308 0.04819277108433735
1 0.6502403846153846 0.14457831325301204 0.036057692307692304 0.05301204819277108
1 0.6490384615384616 0.9855421686746988 0.038461538461538464 0.024096385542168676
1 0.7632211538461539 0.1493975903614458 0.036057692307692304 0.05301204819277108
1 0.7620192307692307 0.9879518072289156 0.038461538461538464 0.01927710843373494
1 0.9122596153846154 0.22289156626506024 0.04567307692307692 0.04578313253012048
