1 0.281 0.4103942652329749 0.09 0.20430107526881722
1 0.43 0.46236559139784944 0.048 0.12903225806451613
1 0.828 0.3924731182795699 0.096 0.16129032258064516
1 0.648 0.4283154121863799 0.096 0.24014336917562723
1 0.842 0.5627240143369175 0.144 0.27956989247311825
1 0.965 0.46953405017921146 0.07 0.1863799283154122
0 0.918 0.5 0.036 0.1039426523297491
0 0.585 0.45340501792114696 0.03 0.07526881720430108
0 0.494 0.4175627240143369 0.068 0.16129032258064516
1 0.337 0.41397849462365593 0.034 0.12544802867383512
1 0.151 0.4175627240143369 0.042 0.1039426523297491
