0 0.21875 0.4963855421686747 0.0625 0.0819277108433735
0 0.7548076923076923 0.5204819277108433 0.07211538461538461 0.09156626506024096
0 0.125 0.5072289156626506 0.10576923076923077 0.11325301204819277
0 0.8677884615384616 0.5590361445783133 0.12980769230769232 0.14457831325301204
0 0.7043269230769231 0.5120481927710844 0.057692307692307696 0.0746987951807229
0 0.2776442307692308 0.5132530120481927 0.04567307692307692 0.06746987951807229
0 0.3112980769230769 0.4939759036144578 0.036057692307692304 0.043373493975903614
0 0.3425480769230769 0.491566265060241 0.03125 0.043373493975903614
0 0.4639423076923077 0.4951807228915663 0.03365384615384615 0.03614457831325301
0 0.5637019230769231 0.4987951807228916 0.036057692307692304 0.043373493975903614
0 0.6201923076923077 0.5036144578313253 0.04326923076923077 0.05301204819277108
