0 0.4098557692307692 0.3132530120481928 0.06971153846153846 0.0963855421686747
0 0.8533653846153846 0.2963855421686747 0.07211538461538461 0.08674698795180723
0 0.7367788461538461 0.26867469879518074 0.0985576923076923 0.12289156626506025
0 0.5048076923076923 0.29397590361445786 0.10096153846153846 0.12048192771084337
0 0.2548076923076923 0.3469879518072289 0.10096153846153846 0.12530120481927712
0 0.6310096153846154 0.3132530120481928 0.04567307692307692 0.05783132530120482
0 0.40865384615384615 0.03493975903614458 0.07211538461538461 0.06987951807228916
0 0.8545673076923077 0.04096385542168675 0.07451923076923077 0.0819277108433735
0 0.7367788461538461 0.06626506024096386 0.0985576923076923 0.12289156626506025
0 0.5060096153846154 0.05060240963855422 0.10336538461538461 0.10120481927710843
0 0.25600961538461536 0.02530120481927711 0.10336538461538461 0.05060240963855422
0 0.6298076923076923 0.02530120481927711 0.04807692307692308 0.05060240963855422
