0 0.08855291576673865 0.20833333333333334 0.16846652267818574 0.37
1 0.28509719222462204 0.3516666666666667 0.12958963282937366 0.25
1 0.3855291576673866 0.3566666666666667 0.08855291576673865 0.17333333333333334
1 0.4136069114470842 0.43 0.04103671706263499 0.10666666666666667
1 0.44924406047516197 0.43666666666666665 0.038876889848812095 0.09333333333333334
1 0.5572354211663066 0.42 0.07775377969762419 0.19333333333333333
1 0.6069114470842333 0.31166666666666665 0.11663066954643629 0.23666666666666666
1 0.9298056155507559 0.30333333333333334 0.13606911447084233 0.32
1 0.8315334773218143 0.3616666666666667 0.056155507559395246 0.12333333333333334
1 0.8736501079913607 0.3933333333333333 0.06263498920086392 0.14666666666666667
