1 0.38221153846153844 0.4411057692307692 0.057692307692307696 0.06971153846153846
1 0.234375 0.4723557692307692 0.05048076923076923 0.06490384615384616
1 0.9459134615384616 0.47475961538461536 0.04567307692307692 0.06490384615384616
1 0.5012019230769231 0.4362980769230769 0.04567307692307692 0.06971153846153846
0 0.8401442307692307 0.46634615384615385 0.055288461538461536 0.0625
0 0.1502403846153846 0.47596153846153844 0.05048076923076923 0.0673076923076923
0 0.6598557692307693 0.4483173076923077 0.04567307692307692 0.06009615384615385
1 0.3173076923076923 0.46033653846153844 0.038461538461538464 0.06009615384615385
0 0.4567307692307692 0.46033653846153844 0.03365384615384615 0.040865384615384616
0 0.42788461538461536 0.46033653846153844 0.02403846153846154 0.036057692307692304
0 0.5408653846153846 0.453125 0.03365384615384615 0.055288461538461536
0 0.6177884615384616 0.46033653846153844 0.038461538461538464 0.04567307692307692
0 0.5709134615384616 0.46153846153846156 0.03125 0.038461538461538464
0 0.7391826923076923 0.46634615384615385 0.03125 0.04326923076923077
0 0.71875 0.46634615384615385 0.028846153846153848 0.03365384615384615
0 0.7596153846153846 0.4639423076923077 0.02403846153846154 0.03365384615384615
