1 0.7824519230769231 0.43493975903614457 0.07932692307692307 0.09879518072289156
1 0.90625 0.39759036144578314 0.12980769230769232 0.13975903614457832
1 0.5865384615384616 0.40843373493975904 0.08653846153846154 0.09879518072289156
1 0.4387019230769231 0.40602409638554215 0.10336538461538461 0.1180722891566265
1 0.31009615384615385 0.37710843373493974 0.11538461538461539 0.13734939759036144
1 0.1310096153846154 0.4493975903614458 0.0889423076923077 0.10843373493975904
1 0.37259615384615385 0.45542168674698796 0.0625 0.07710843373493977
1 0.04927884615384615 0.40481927710843374 0.09375 0.1686746987951807
1 0.6370192307692307 0.42168674698795183 0.04326923076923077 0.09156626506024096
1 0.3112980769230769 0.01566265060240964 0.11778846153846154 0.03132530120481928
