1 0.8293269230769231 0.3713942307692308 0.1201923076923077 0.15625
1 0.5168269230769231 0.37259615384615385 0.08173076923076923 0.10576923076923077
1 0.0733173076923077 0.4230769230769231 0.14182692307692307 0.2980769230769231
1 0.14182692307692307 0.35336538461538464 0.08173076923076923 0.11538461538461539
0 0.265625 0.3798076923076923 0.11778846153846154 0.15384615384615385
1 0.8305288461538461 0.030048076923076924 0.12259615384615384 0.06009615384615385
1 0.5180288461538461 0.016826923076923076 0.08413461538461539 0.03365384615384615
1 0.07211538461538461 0.039663461538461536 0.14423076923076922 0.07932692307692307
1 0.14302884615384615 0.028846153846153848 0.08413461538461539 0.057692307692307696
0 0.2644230769230769 0.025240384615384616 0.1201923076923077 0.05048076923076923
