0 0.0946969696969697 0.3018867924528302 0.03787878787878788 0.0862533692722372
0 0.17727272727272728 0.316711590296496 0.0696969696969697 0.14285714285714285
0 0.23106060606060605 0.31536388140161725 0.04090909090909091 0.08086253369272237
0 0.2871212121212121 0.3274932614555256 0.04393939393939394 0.09433962264150944
0 0.31136363636363634 0.2991913746630728 0.016666666666666666 0.0431266846361186
0 0.3287878787878788 0.2991913746630728 0.01818181818181818 0.0431266846361186
0 0.3621212121212121 0.32075471698113206 0.021212121212121213 0.05929919137466307
0 0.40984848484848485 0.35444743935309975 0.03787878787878788 0.07277628032345014
0 0.4393939393939394 0.32345013477088946 0.030303030303030304 0.07008086253369272
0 0.45984848484848484 0.3221024258760108 0.022727272727272728 0.06199460916442048
0 0.5272727272727272 0.330188679245283 0.03333333333333333 0.07277628032345014
0 0.5840909090909091 0.3261455525606469 0.025757575757575757 0.0646900269541779
0 0.6318181818181818 0.30727762803234504 0.021212121212121213 0.05390835579514825
