1 0.14271255060728744 0.5303951367781155 0.0465587044534413 0.08206686930091185
1 0.20040485829959515 0.5592705167173252 0.032388663967611336 0.0668693009118541
1 0.25101214574898784 0.5683890577507599 0.02834008097165992 0.060790273556231005
1 0.28036437246963564 0.5683890577507599 0.022267206477732792 0.0547112462006079
1 0.30364372469635625 0.574468085106383 0.024291497975708502 0.0486322188449848
1 0.3269230769230769 0.5790273556231003 0.022267206477732792 0.04559270516717325
1 0.3481781376518219 0.5759878419452887 0.016194331983805668 0.03951367781155015
1 0.6153846153846154 0.5775075987841946 0.020242914979757085 0.0425531914893617
1 0.6427125506072875 0.5638297872340425 0.02631578947368421 0.057750759878419454
1 0.6720647773279352 0.560790273556231 0.02834008097165992 0.057750759878419454
1 0.729757085020243 0.5531914893617021 0.03441295546558704 0.0668693009118541
1 0.7753036437246964 0.5486322188449848 0.04048582995951417 0.08206686930091185
