1 0.3329326923076923 0.43734939759036146 0.07451923076923077 0.09397590361445783
1 0.6862980769230769 0.4578313253012048 0.06490384615384616 0.0819277108433735
1 0.109375 0.4566265060240964 0.06009615384615385 0.07951807228915662
1 0.04567307692307692 0.4686746987951807 0.057692307692307696 0.06506024096385542
1 0.5048076923076923 0.4457831325301205 0.052884615384615384 0.06265060240963856
1 0.6358173076923077 0.4891566265060241 0.040865384615384616 0.05301204819277108
1 0.8641826923076923 0.4831325301204819 0.036057692307692304 0.05060240963855422
1 0.9399038461538461 0.4951807228915663 0.04807692307692308 0.04578313253012048
1 0.9026442307692307 0.4843373493975904 0.036057692307692304 0.05783132530120482
1 0.4098557692307692 0.4903614457831325 0.03125 0.04096385542168675
1 0.5949519230769231 0.4795180722891566 0.026442307692307692 0.033734939759036145
1 0.15745192307692307 0.472289156626506 0.021634615384615384 0.033734939759036145
1 0.28365384615384615 0.472289156626506 0.019230769230769232 0.024096385542168676
