1 0.7545454545454545 0.4178082191780822 0.09818181818181818 0.1726027397260274
1 0.7954545454545454 0.5013698630136987 0.034545454545454546 0.06027397260273973
1 0.8227272727272728 0.5027397260273972 0.02727272727272727 0.0684931506849315
1 0.6190909090909091 0.4849315068493151 0.045454545454545456 0.06575342465753424
1 0.5690909090909091 0.4383561643835616 0.04363636363636364 0.0821917808219178
1 0.5009090909090909 0.4506849315068493 0.056363636363636366 0.0958904109589041
1 0.44727272727272727 0.4383561643835616 0.01818181818181818 0.03287671232876712
1 0.41 0.4465753424657534 0.038181818181818185 0.0821917808219178
1 0.3809090909090909 0.4780821917808219 0.045454545454545456 0.08493150684931507
1 0.32727272727272727 0.44246575342465755 0.05454545454545454 0.11232876712328767
1 0.46454545454545454 0.4410958904109589 0.02 0.043835616438356165
1 0.038181818181818185 0.3767123287671233 0.03636363636363636 0.07397260273972603
1 0.12 0.40273972602739727 0.02909090909090909 0.06027397260273973
1 0.14363636363636365 0.4246575342465753 0.025454545454545455 0.043835616438356165
1 0.1890909090909091 0.3958904109589041 0.02909090909090909 0.06301369863013699
1 0.24818181818181817 0.40273972602739727 0.038181818181818185 0.0547945205479452
1 0.2872727272727273 0.4534246575342466 0.01818181818181818 0.030136986301369864
