1 0.5408653846153846 0.26322115384615385 0.0625 0.0889423076923077
1 0.9110576923076923 0.2283653846153846 0.13942307692307693 0.11538461538461539
1 0.4110576923076923 0.2644230769230769 0.07211538461538461 0.1201923076923077
1 0.7884615384615384 0.25961538461538464 0.10576923076923077 0.13942307692307693
1 0.33413461538461536 0.23317307692307693 0.09134615384615384 0.125
1 0.47596153846153844 0.36778846153846156 0.1201923076923077 0.10096153846153846
1 0.5408653846153846 0.07091346153846154 0.0625 0.0889423076923077
1 0.9110576923076923 0.10336538461538461 0.13942307692307693 0.11538461538461539
1 0.4110576923076923 0.0673076923076923 0.07211538461538461 0.1201923076923077
1 0.7884615384615384 0.07211538461538461 0.10576923076923077 0.13942307692307693
1 0.33413461538461536 0.0985576923076923 0.09134615384615384 0.125
