1 0.8413461538461539 0.38674698795180723 0.0625 0.060240963855421686
1 0.4855769230769231 0.3795180722891566 0.052884615384615384 0.060240963855421686
1 0.21514423076923078 0.40240963855421685 0.06009615384615385 0.07228915662650602
1 0.6706730769230769 0.3963855421686747 0.057692307692307696 0.060240963855421686
1 0.08052884615384616 0.42168674698795183 0.06009615384615385 0.06265060240963856
1 0.8413461538461539 0.09759036144578313 0.0625 0.060240963855421686
1 0.4855769230769231 0.10481927710843374 0.052884615384615384 0.060240963855421686
1 0.21514423076923078 0.07951807228915662 0.06009615384615385 0.07228915662650602
1 0.6706730769230769 0.08795180722891566 0.057692307692307696 0.060240963855421686
1 0.08052884615384616 0.060240963855421686 0.06009615384615385 0.06265060240963856
