1 0.78662109375 0.12225475841874085 0.1064453125 0.18887262079062958
1 0.599609375 0.26720351390922403 0.07421875 0.15373352855051245
1 0.46044921875 0.34773060029282576 0.0615234375 0.11566617862371889
1 0.384765625 0.46266471449487556 0.01953125 0.043923865300146414
1 0.3427734375 0.4128843338213763 0.060546875 0.12298682284040996
1 0.2822265625 0.41874084919472915 0.052734375 0.11127379209370425
1 0.24658203125 0.4582723279648609 0.0341796875 0.06442166910688141
1 0.22412109375 0.49487554904831627 0.0224609375 0.05856515373352855
1 0.2001953125 0.5117130307467057 0.017578125 0.05124450951683748
1 0.18115234375 0.527818448023426 0.0244140625 0.05124450951683748
1 0.1640625 0.5204978038067349 0.01953125 0.04538799414348463
1 0.14599609375 0.5534407027818448 0.0185546875 0.040995607613469986
