1 0.040865384615384616 0.5625 0.07211538461538461 0.09134615384615384
1 0.17908653846153846 0.546875 0.06971153846153846 0.07932692307692307
1 0.5384615384615384 0.5829326923076923 0.0673076923076923 0.06971153846153846
1 0.38221153846153844 0.5516826923076923 0.04807692307692308 0.06490384615384616
1 0.6213942307692307 0.5576923076923077 0.04567307692307692 0.07211538461538461
1 0.875 0.5697115384615384 0.04326923076923077 0.052884615384615384
1 0.6129807692307693 0.4483173076923077 0.038461538461538464 0.04567307692307692
1 0.5 0.5228365384615384 0.038461538461538464 0.04567307692307692
1 0.5733173076923077 0.42427884615384615 0.021634615384615384 0.036057692307692304
1 0.6466346153846154 0.4326923076923077 0.028846153846153848 0.04326923076923077
