1 0.47836538461538464 0.5408653846153846 0.028846153846153848 0.03365384615384615
1 0.40384615384615385 0.5673076923076923 0.03365384615384615 0.04326923076923077
1 0.34134615384615385 0.5492788461538461 0.028846153846153848 0.03125
1 0.06610576923076923 0.5733173076923077 0.04567307692307692 0.040865384615384616
1 0.09615384615384616 0.5564903846153846 0.03365384615384615 0.036057692307692304
1 0.22355769230769232 0.5456730769230769 0.028846153846153848 0.03365384615384615
1 0.6778846153846154 0.5492788461538461 0.03365384615384615 0.03125
1 0.7680288461538461 0.5252403846153846 0.036057692307692304 0.040865384615384616
1 0.8112980769230769 0.5276442307692307 0.036057692307692304 0.036057692307692304
1 0.6478365384615384 0.5552884615384616 0.036057692307692304 0.03365384615384615
