1 0.840625 0.7025 0.03375 0.051666666666666666
1 0.69375 0.7591666666666667 0.035 0.04833333333333333
1 0.621875 0.7066666666666667 0.04375 0.06333333333333334
1 0.5875 0.6783333333333333 0.015 0.03666666666666667
1 0.604375 0.6758333333333333 0.02625 0.04833333333333333
1 0.518125 0.6891666666666667 0.03125 0.045
1 0.494375 0.6825 0.02125 0.045
1 0.41 0.6783333333333333 0.0325 0.04666666666666667
0 0.464375 0.725 0.02125 0.03
1 0.3425 0.6666666666666666 0.035 0.06
1 0.284375 0.6608333333333334 0.02875 0.051666666666666666
1 0.2575 0.6491666666666667 0.025 0.041666666666666664
0 0.3175 0.6708333333333333 0.0175 0.03166666666666667
0 0.234375 0.6641666666666667 0.03375 0.045
0 0.1575 0.6625 0.0325 0.045
1 0.179375 0.6533333333333333 0.02375 0.04
1 0.125 0.6466666666666666 0.03 0.043333333333333335
0 0.089375 0.64 0.02625 0.04
0 0.031875 0.6591666666666667 0.03375 0.045
1 0.01625 0.6341666666666667 0.0275 0.03833333333333333
0 0.93875 0.7058333333333333 0.055 0.075
