0 0.051 0.3509036144578313 0.054 0.09337349397590361
0 0.151 0.44879518072289154 0.142 0.24096385542168675
0 0.191 0.3072289156626506 0.078 0.13253012048192772
0 0.286 0.4442771084337349 0.1 0.20180722891566266
0 0.297 0.31626506024096385 0.066 0.10843373493975904
0 0.499 0.12650602409638553 0.098 0.20481927710843373
0 0.639 0.37349397590361444 0.09 0.1686746987951807
0 0.666 0.31626506024096385 0.064 0.14457831325301204
0 0.711 0.31626506024096385 0.062 0.15060240963855423
0 0.679 0.7484939759036144 0.238 0.4367469879518072
0 0.85 0.5406626506024096 0.18 0.3102409638554217
0 0.945 0.40512048192771083 0.11 0.2921686746987952
