1 0.268 0.43243243243243246 0.032 0.08408408408408409
1 0.299 0.4219219219219219 0.038 0.06906906906906907
1 0.358 0.3963963963963964 0.068 0.14414414414414414
1 0.5 0.3663663663663664 0.056 0.13213213213213212
1 0.607 0.3888888888888889 0.058 0.14714714714714713
1 0.718 0.36036036036036034 0.052 0.12012012012012012
0 0.56 0.4099099099099099 0.044 0.0990990990990991
1 0.646 0.3993993993993994 0.024 0.07807807807807808
1 0.396 0.3948948948948949 0.016 0.04504504504504504
1 0.419 0.3918918918918919 0.022 0.03903903903903904
1 0.446 0.3963963963963964 0.024 0.036036036036036036
1 0.217 0.37537537537537535 0.026 0.036036036036036036
