1 0.6611111111111111 0.6153846153846154 0.07777777777777778 0.1605351170568562
1 0.46555555555555556 0.6070234113712375 0.03333333333333333 0.07023411371237458
1 0.39111111111111113 0.5183946488294314 0.04 0.07357859531772576
0 0.16777777777777778 0.7190635451505016 0.04666666666666667 0.07357859531772576
0 0.022222222222222223 0.5652173913043478 0.04 0.06020066889632107
0 0.07888888888888888 0.03511705685618729 0.028888888888888888 0.05016722408026756
0 0.3333333333333333 0.0903010033444816 0.022222222222222223 0.046822742474916385
0 0.3988888888888889 0.18729096989966554 0.028888888888888888 0.046822742474916385
0 0.25555555555555554 0.19063545150501673 0.02666666666666667 0.04013377926421405
0 0.5288888888888889 0.3494983277591973 0.02666666666666667 0.05016722408026756
1 0.10333333333333333 0.44481605351170567 0.028888888888888888 0.06020066889632107
0 0.3088888888888889 0.1605351170568562 0.022222222222222223 0.04013377926421405
0 0.1411111111111111 0.08193979933110368 0.024444444444444446 0.043478260869565216
