1 0.3894230769230769 0.3954326923076923 0.07211538461538461 0.09375
1 0.9483173076923077 0.4182692307692308 0.06009615384615385 0.08173076923076923
1 0.14182692307692307 0.4110576923076923 0.0625 0.08653846153846154
1 0.4735576923076923 0.4110576923076923 0.057692307692307696 0.07211538461538461
1 0.19471153846153846 0.41947115384615385 0.052884615384615384 0.06971153846153846
1 0.8882211538461539 0.43509615384615385 0.055288461538461536 0.0625
1 0.7379807692307693 0.42908653846153844 0.052884615384615384 0.06490384615384616
1 0.6322115384615384 0.42427884615384615 0.04807692307692308 0.06009615384615385
1 0.8088942307692307 0.42908653846153844 0.04567307692307692 0.055288461538461536
1 0.3449519230769231 0.4375 0.05048076923076923 0.0625
1 0.2980769230769231 0.4206730769230769 0.038461538461538464 0.0625
1 0.10817307692307693 0.44471153846153844 0.04326923076923077 0.057692307692307696
1 0.5805288461538461 0.42788461538461536 0.036057692307692304 0.057692307692307696
1 0.5084134615384616 0.4230769230769231 0.036057692307692304 0.0673076923076923
