1 0.1658653846153846 0.39518072289156625 0.11538461538461539 0.20722891566265061
1 0.32091346153846156 0.327710843373494 0.06971153846153846 0.10602409638554217
1 0.203125 0.327710843373494 0.055288461538461536 0.0819277108433735
1 0.078125 0.3397590361445783 0.15144230769230768 0.3469879518072289
0 0.7319711538461539 0.3891566265060241 0.06490384615384616 0.08433734939759036
0 0.6177884615384616 0.3397590361445783 0.07211538461538461 0.09156626506024096
0 0.5432692307692307 0.3469879518072289 0.07692307692307693 0.10602409638554217
0 0.8557692307692307 0.3746987951807229 0.0673076923076923 0.08433734939759036
0 0.3954326923076923 0.3 0.0985576923076923 0.12289156626506025
0 0.9675480769230769 0.38313253012048193 0.06009615384615385 0.07228915662650602
0 0.9170673076923077 0.37349397590361444 0.04567307692307692 0.06265060240963856
0 0.45072115384615385 0.3325301204819277 0.04567307692307692 0.08674698795180723
0 0.8425480769230769 0.3385542168674699 0.06009615384615385 0.0746987951807229
0 0.6730769230769231 0.3795180722891566 0.03365384615384615 0.05542168674698795
1 0.31971153846153844 0.027710843373493974 0.07211538461538461 0.05542168674698795
1 0.20192307692307693 0.021686746987951807 0.057692307692307696 0.043373493975903614
1 0.07692307692307693 0.0819277108433735 0.15384615384615385 0.163855421686747
0 0.6189903846153846 0.018072289156626505 0.07451923076923077 0.03614457831325301
0 0.5444711538461539 0.018072289156626505 0.07932692307692307 0.03614457831325301
0 0.3942307692307692 0.04578313253012048 0.10096153846153846 0.09156626506024096
0 0.4495192307692308 0.020481927710843374 0.04807692307692308 0.04096385542168675
0 0.8413461538461539 0.014457831325301205 0.0625 0.02891566265060241
