1 0.12978723404255318 0.08440366972477065 0.1276595744680851 0.13944954128440368
1 0.2351063829787234 0.25504587155963304 0.07021276595744681 0.06605504587155964
1 0.2978723404255319 0.3018348623853211 0.07659574468085106 0.07889908256880734
1 0.6127659574468085 0.22568807339449543 0.03829787234042553 0.05137614678899083
1 0.573404255319149 0.16972477064220184 0.031914893617021274 0.03853211009174312
1 0.6265957446808511 0.17889908256880735 0.031914893617021274 0.03853211009174312
1 0.6659574468085107 0.1706422018348624 0.03404255319148936 0.04036697247706422
1 0.4276595744680851 0.5788990825688073 0.05106382978723404 0.045871559633027525
1 0.30106382978723406 0.17706422018348625 0.031914893617021274 0.03853211009174312
1 0.23191489361702128 0.181651376146789 0.029787234042553193 0.03669724770642202
0 0.35106382978723405 0.1761467889908257 0.02553191489361702 0.03302752293577982
1 0.48829787234042554 0.20733944954128442 0.031914893617021274 0.03669724770642202
1 0.7287234042553191 0.1706422018348624 0.07872340425531915 0.08073394495412844
1 0.6308510638297873 0.30642201834862387 0.04893617021276596 0.047706422018348627
1 0.7755319148936171 0.163302752293578 0.031914893617021274 0.04036697247706422
