1 0.2536057692307692 0.3433734939759036 0.06490384615384616 0.06987951807228916
1 0.43028846153846156 0.4674698795180723 0.0625 0.07710843373493977
1 0.6959134615384616 0.4807228915662651 0.07451923076923077 0.0746987951807229
1 0.40625 0.3927710843373494 0.057692307692307696 0.07228915662650602
1 0.6213942307692307 0.42530120481927713 0.05048076923076923 0.06506024096385542
1 0.34975961538461536 0.3795180722891566 0.026442307692307692 0.04096385542168675
1 0.484375 0.3614457831325301 0.021634615384615384 0.03855421686746988
1 0.5324519230769231 0.3469879518072289 0.03125 0.043373493975903614
1 0.33413461538461536 0.3409638554216867 0.02403846153846154 0.03614457831325301
0 0.5360576923076923 0.4072289156626506 0.057692307692307696 0.04819277108433735
