1 0.3954326923076923 0.5325301204819277 0.021634615384615384 0.02891566265060241
1 0.5336538461538461 0.5662650602409639 0.019230769230769232 0.024096385542168676
1 0.6129807692307693 0.7168674698795181 0.02403846153846154 0.021686746987951807
1 0.7247596153846154 0.5421686746987951 0.021634615384615384 0.024096385542168676
1 0.9002403846153846 0.6963855421686747 0.021634615384615384 0.02891566265060241
1 0.8245192307692307 0.7506024096385542 0.028846153846153848 0.02650602409638554
1 0.7127403846153846 0.4903614457831325 0.016826923076923076 0.021686746987951807
0 0.8485576923076923 0.5397590361445783 0.019230769230769232 0.024096385542168676
1 0.6129807692307693 0.9530120481927711 0.02403846153846154 0.021686746987951807
1 0.9002403846153846 0.9710843373493976 0.021634615384615384 0.02891566265060241
1 0.8245192307692307 0.9192771084337349 0.028846153846153848 0.02650602409638554
