1 0.20552884615384615 0.46634615384615385 0.06009615384615385 0.0673076923076923
1 0.05889423076923077 0.4182692307692308 0.021634615384615384 0.03365384615384615
1 0.7944711538461539 0.40024038461538464 0.0889423076923077 0.10817307692307693
1 0.6634615384615384 0.4206730769230769 0.08173076923076923 0.10096153846153846
1 0.5805288461538461 0.37740384615384615 0.06009615384615385 0.08173076923076923
1 0.49399038461538464 0.4050480769230769 0.06009615384615385 0.06009615384615385
1 0.4387019230769231 0.4098557692307692 0.05048076923076923 0.06971153846153846
1 0.3545673076923077 0.4014423076923077 0.04567307692307692 0.052884615384615384
1 0.296875 0.40625 0.04567307692307692 0.057692307692307696
1 0.25240384615384615 0.4026442307692308 0.038461538461538464 0.04567307692307692
1 0.21394230769230768 0.4026442307692308 0.03365384615384615 0.04567307692307692
1 0.16947115384615385 0.4098557692307692 0.036057692307692304 0.04567307692307692
1 0.12379807692307693 0.4170673076923077 0.03125 0.040865384615384616
