1 0.06935598018400566 0.4330254041570439 0.07077140835102619 0.14087759815242495
1 0.22399150743099788 0.3712471131639723 0.0686482661004954 0.14434180138568128
1 0.32873319179051663 0.3891454965357968 0.08563340410474168 0.19168591224018475
1 0.4893842887473461 0.40300230946882215 0.0870488322717622 0.18706697459584296
1 0.551309271054494 0.37355658198614317 0.05803255484784147 0.1397228637413395
1 0.5909412597310687 0.4382217090069284 0.06510969568294409 0.1351039260969977
1 0.6482661004953999 0.3931870669745958 0.050955414012738856 0.11662817551963048
1 0.7045293701344657 0.40877598152424943 0.07430997876857749 0.16859122401847576
1 0.7554847841472045 0.4515011547344111 0.06440198159943383 0.13856812933025403
1 0.7891012031139419 0.42494226327944573 0.04246284501061571 0.11316397228637413
1 0.9125973106864826 0.40011547344110854 0.07289455060155697 0.14434180138568128
