1 0.4699519230769231 0.38461538461538464 0.11298076923076923 0.1201923076923077
1 0.21754807692307693 0.46153846153846156 0.1466346153846154 0.1346153846153846
1 0.3004807692307692 0.203125 0.04807692307692308 0.06971153846153846
0 0.8798076923076923 0.24278846153846154 0.10576923076923077 0.12980769230769232
0 0.7644230769230769 0.4206730769230769 0.09615384615384616 0.11057692307692307
0 0.8341346153846154 0.5528846153846154 0.11057692307692307 0.10576923076923077
0 0.9795673076923077 0.46153846153846156 0.036057692307692304 0.11538461538461539
0 0.6971153846153846 0.19471153846153846 0.07211538461538461 0.057692307692307696
1 0.3004807692307692 0.1310096153846154 0.04807692307692308 0.06971153846153846
0 0.8798076923076923 0.0889423076923077 0.10576923076923077 0.12980769230769232
0 0.6971153846153846 0.13701923076923078 0.07211538461538461 0.057692307692307696
