0 0.17668269230769232 0.3096385542168675 0.07451923076923077 0.09397590361445783
0 0.5396634615384616 0.3265060240963855 0.06971153846153846 0.07951807228915662
0 0.7103365384615384 0.3325301204819277 0.06490384615384616 0.07710843373493977
0 0.37740384615384615 0.3325301204819277 0.057692307692307696 0.0819277108433735
0 0.21995192307692307 0.3313253012048193 0.04567307692307692 0.06987951807228916
0 0.671875 0.3506024096385542 0.03125 0.06506024096385542
0 0.17548076923076922 0.03614457831325301 0.07692307692307693 0.07228915662650602
0 0.5384615384615384 0.024096385542168676 0.07211538461538461 0.04819277108433735
0 0.7091346153846154 0.020481927710843374 0.0673076923076923 0.04096385542168675
0 0.3786057692307692 0.021686746987951807 0.06009615384615385 0.043373493975903614
0 0.21875 0.01927710843373494 0.04807692307692308 0.03855421686746988
0 0.6706730769230769 0.008433734939759036 0.03365384615384615 0.016867469879518072
