1 0.21875 0.3786057692307692 0.07692307692307693 0.06971153846153846
1 0.07451923076923077 0.36899038461538464 0.09615384615384616 0.09375
1 0.23677884615384615 0.30408653846153844 0.055288461538461536 0.06009615384615385
1 0.609375 0.28725961538461536 0.04567307692307692 0.05048076923076923
1 0.03365384615384615 0.28725961538461536 0.0625 0.0985576923076923
1 0.16947115384615385 0.23918269230769232 0.04567307692307692 0.036057692307692304
1 0.3918269230769231 0.24158653846153846 0.04326923076923077 0.040865384615384616
0 0.45552884615384615 0.5264423076923077 0.07451923076923077 0.08653846153846154
0 0.3245192307692308 0.2439903846153846 0.03365384615384615 0.04567307692307692
0 0.3798076923076923 0.2608173076923077 0.04807692307692308 0.055288461538461536
0 0.7163461538461539 0.27524038461538464 0.11538461538461539 0.10817307692307693
0 0.8016826923076923 0.2644230769230769 0.06009615384615385 0.08653846153846154
0 0.9759615384615384 0.25600961538461536 0.04326923076923077 0.06490384615384616
0 0.9495192307692307 0.2692307692307692 0.04326923076923077 0.0673076923076923
1 0.21875 0.06129807692307692 0.07692307692307693 0.06971153846153846
1 0.07451923076923077 0.07091346153846154 0.09615384615384616 0.09375
1 0.23677884615384615 0.13581730769230768 0.055288461538461536 0.06009615384615385
1 0.609375 0.15264423076923078 0.04567307692307692 0.05048076923076923
1 0.03365384615384615 0.15264423076923078 0.0625 0.0985576923076923
1 0.16947115384615385 0.20072115384615385 0.04567307692307692 0.036057692307692304
1 0.3918269230769231 0.19831730769230768 0.04326923076923077 0.040865384615384616
0 0.3245192307692308 0.19591346153846154 0.03365384615384615 0.04567307692307692
0 0.3798076923076923 0.17908653846153846 0.04807692307692308 0.055288461538461536
0 0.7163461538461539 0.16466346153846154 0.11538461538461539 0.10817307692307693
0 0.8016826923076923 0.17307692307692307 0.06009615384615385 0.08653846153846154
0 0.9759615384615384 0.18389423076923078 0.04326923076923077 0.06490384615384616
0 0.9495192307692307 0.16826923076923078 0.04326923076923077 0.0673076923076923
