1 0.7990909090909091 0.48717948717948717 0.04909090909090909 0.08974358974358974
1 0.8690909090909091 0.5416666666666666 0.02909090909090909 0.0641025641025641
1 0.7481818181818182 0.5288461538461539 0.03090909090909091 0.057692307692307696
1 0.7027272727272728 0.5384615384615384 0.02727272727272727 0.05128205128205128
1 0.6872727272727273 0.5224358974358975 0.02181818181818182 0.04487179487179487
1 0.6627272727272727 0.5208333333333334 0.02727272727272727 0.060897435897435896
1 0.6409090909090909 0.5256410256410257 0.02 0.05128205128205128
1 0.6163636363636363 0.5240384615384616 0.01818181818181818 0.041666666666666664
1 0.5909090909090909 0.5256410256410257 0.01818181818181818 0.05128205128205128
1 0.56 0.5048076923076923 0.02909090909090909 0.060897435897435896
1 0.509090909090909 0.5048076923076923 0.025454545454545455 0.05448717948717949
1 0.4718181818181818 0.5160256410256411 0.03090909090909091 0.0641025641025641
1 0.4509090909090909 0.5240384615384616 0.025454545454545455 0.060897435897435896
1 0.4254545454545455 0.5096153846153846 0.03272727272727273 0.07051282051282051
1 0.3845454545454545 0.5240384615384616 0.023636363636363636 0.05448717948717949
1 0.36454545454545456 0.5080128205128205 0.02727272727272727 0.060897435897435896
1 0.3054545454545455 0.4983974358974359 0.025454545454545455 0.05448717948717949
1 0.26181818181818184 0.5240384615384616 0.03272727272727273 0.060897435897435896
1 0.22636363636363635 0.5128205128205128 0.02727272727272727 0.05128205128205128
1 0.14 0.5240384615384616 0.03272727272727273 0.060897435897435896
1 0.20545454545454545 0.5272435897435898 0.025454545454545455 0.05448717948717949
1 0.02909090909090909 0.49038461538461536 0.02909090909090909 0.057692307692307696
1 0.2781818181818182 0.5096153846153846 0.02181818181818182 0.05128205128205128
