0 0.8076923076923077 0.46033653846153844 0.0625 0.07451923076923077
0 0.734375 0.4375 0.07932692307692307 0.09615384615384616
0 0.09495192307692307 0.45072115384615385 0.11298076923076923 0.12740384615384615
0 0.21875 0.43028846153846156 0.07211538461538461 0.08173076923076923
0 0.4423076923076923 0.4375 0.057692307692307696 0.08173076923076923
0 0.33533653846153844 0.3918269230769231 0.09375 0.11538461538461539
0 0.5769230769230769 0.4567307692307692 0.052884615384615384 0.07692307692307693
0 0.6550480769230769 0.44711538461538464 0.055288461538461536 0.0673076923076923
0 0.8822115384615384 0.4326923076923077 0.057692307692307696 0.07211538461538461
0 0.025240384615384616 0.43990384615384615 0.04567307692307692 0.10096153846153846
0 0.5408653846153846 0.4579326923076923 0.04326923076923077 0.06971153846153846
0 0.5108173076923077 0.4579326923076923 0.026442307692307692 0.04567307692307692
