1 0.9577396373056994 0.3022859922178988 0.07610103626943006 0.17850194552529183
1 0.8931347150259067 0.313715953307393 0.06865284974093264 0.18093385214007782
1 0.8267487046632125 0.24221789883268482 0.0744818652849741 0.16245136186770429
1 0.7593911917098446 0.2704280155642023 0.06152849740932642 0.1517509727626459
1 0.5960168393782384 0.2723735408560311 0.08257772020725389 0.15272373540856032
1 0.6280764248704663 0.22592412451361868 0.05667098445595855 0.12110894941634241
1 0.5207253886010362 0.2592412451361868 0.06930051813471502 0.1605058365758755
1 0.4834844559585492 0.2230058365758755 0.05505181347150259 0.14056420233463035
0 0.41985103626943004 0.2699416342412451 0.0586139896373057 0.11186770428015565
1 0.34099740932642486 0.245136186770428 0.06088082901554404 0.14396887159533073
1 0.27477331606217614 0.20087548638132297 0.07739637305699482 0.14785992217898833
1 0.21275906735751296 0.24100194552529183 0.06023316062176166 0.12889105058365757
1 0.14944948186528498 0.2191147859922179 0.05408031088082901 0.10749027237354086
0 0.16758419689119172 0.2507295719844358 0.0391839378238342 0.10068093385214008
1 0.07480569948186529 0.22859922178988326 0.06347150259067358 0.1245136186770428
