1 0.1141826923076923 0.3076923076923077 0.07932692307692307 0.10096153846153846
1 0.19831730769230768 0.34975961538461536 0.055288461538461536 0.06971153846153846
1 0.23798076923076922 0.35216346153846156 0.04326923076923077 0.06009615384615385
1 0.2848557692307692 0.3137019230769231 0.07932692307692307 0.11778846153846154
1 0.44471153846153844 0.3329326923076923 0.0625 0.07451923076923077
1 0.5564903846153846 0.33653846153846156 0.06971153846153846 0.11538461538461539
1 0.5072115384615384 0.33653846153846156 0.04807692307692308 0.08173076923076923
1 0.7439903846153846 0.29927884615384615 0.09375 0.11778846153846154
1 0.703125 0.33653846153846156 0.03125 0.07211538461538461
1 0.7848557692307693 0.33653846153846156 0.04567307692307692 0.08653846153846154
1 0.8317307692307693 0.3581730769230769 0.04326923076923077 0.0625
1 0.9014423076923077 0.36899038461538464 0.08173076923076923 0.11778846153846154
1 0.9663461538461539 0.3485576923076923 0.04326923076923077 0.052884615384615384
