1 0.348 0.21407185628742514 0.06 0.1347305389221557
1 0.391 0.27694610778443113 0.054 0.09880239520958084
1 0.318 0.24550898203592814 0.032 0.08982035928143713
1 0.21 0.27994011976047906 0.036 0.0688622754491018
1 0.185 0.2410179640718563 0.026 0.06287425149700598
1 0.157 0.2634730538922156 0.026 0.04790419161676647
1 0.079 0.22904191616766467 0.03 0.05089820359281437
1 0.781 0.2470059880239521 0.07 0.1347305389221557
1 0.927 0.28293413173652693 0.026 0.038922155688622756
0 0.627 0.26497005988023953 0.066 0.12275449101796407
0 0.87 0.27095808383233533 0.024 0.03293413173652695
0 0.059 0.28293413173652693 0.034 0.05089820359281437
