0 0.13221153846153846 0.3473557692307692 0.15384615384615385 0.17067307692307693
0 0.7548076923076923 0.3173076923076923 0.12980769230769232 0.15384615384615385
0 0.6141826923076923 0.359375 0.07451923076923077 0.10336538461538461
0 0.375 0.40024038461538464 0.09615384615384616 0.12259615384615384
0 0.49399038461538464 0.375 0.06490384615384616 0.07692307692307693
0 0.2512019230769231 0.4050480769230769 0.040865384615384616 0.04567307692307692
0 0.3016826923076923 0.3918269230769231 0.040865384615384616 0.052884615384615384
0 0.5853365384615384 0.19110576923076922 0.03125 0.03125
0 0.6370192307692307 0.19230769230769232 0.028846153846153848 0.038461538461538464
0 0.6935096153846154 0.19831730769230768 0.021634615384615384 0.036057692307692304
0 0.27524038461538464 0.2848557692307692 0.026442307692307692 0.03125
0 0.3161057692307692 0.19230769230769232 0.021634615384615384 0.03365384615384615
0 0.3449519230769231 0.19471153846153846 0.021634615384615384 0.02403846153846154
0 0.39783653846153844 0.18389423076923078 0.021634615384615384 0.026442307692307692
0 0.3798076923076923 0.1935096153846154 0.019230769230769232 0.03125
0 0.36538461538461536 0.20192307692307693 0.019230769230769232 0.028846153846153848
0 0.13341346153846154 0.038461538461538464 0.15625 0.07692307692307693
0 0.7560096153846154 0.04927884615384615 0.13221153846153846 0.0985576923076923
0 0.6129807692307693 0.015625 0.07692307692307693 0.03125
0 0.5853365384615384 0.14783653846153846 0.03125 0.03125
0 0.6370192307692307 0.14423076923076922 0.028846153846153848 0.038461538461538464
0 0.6935096153846154 0.140625 0.021634615384615384 0.036057692307692304
0 0.27524038461538464 0.054086538461538464 0.026442307692307692 0.03125
0 0.3161057692307692 0.14423076923076922 0.021634615384615384 0.03365384615384615
0 0.3449519230769231 0.14182692307692307 0.021634615384615384 0.02403846153846154
0 0.39783653846153844 0.15504807692307693 0.021634615384615384 0.026442307692307692
0 0.3798076923076923 0.14543269230769232 0.019230769230769232 0.03125
0 0.36538461538461536 0.1346153846153846 0.019230769230769232 0.028846153846153848
