1 0.20916666666666667 0.5103550295857988 0.058333333333333334 0.12721893491124261
1 0.30583333333333335 0.5207100591715976 0.04833333333333333 0.10650887573964497
1 0.8966666666666666 0.4526627218934911 0.08 0.16568047337278108
1 0.9641666666666666 0.46449704142011833 0.055 0.11834319526627218
1 0.3858333333333333 0.5281065088757396 0.041666666666666664 0.10946745562130178
1 0.46416666666666667 0.5192307692307693 0.03833333333333333 0.09171597633136094
1 0.49916666666666665 0.5177514792899408 0.03833333333333333 0.09467455621301775
1 0.5316666666666666 0.5029585798816568 0.03666666666666667 0.08284023668639054
1 0.5583333333333333 0.507396449704142 0.03 0.07988165680473373
1 0.5883333333333334 0.5029585798816568 0.03 0.07100591715976332
1 0.6175 0.5 0.03166666666666667 0.07692307692307693
1 0.6475 0.4985207100591716 0.028333333333333332 0.06804733727810651
1 0.6816666666666666 0.4881656804733728 0.03 0.0650887573964497
1 0.7166666666666667 0.49556213017751477 0.023333333333333334 0.05621301775147929
1 0.7308333333333333 0.4807692307692308 0.021666666666666667 0.05621301775147929
