1 0.135 0.6231263383297645 0.032857142857142856 0.05139186295503212
1 0.20357142857142857 0.525695931477516 0.027142857142857142 0.044967880085653104
1 0.455 0.5599571734475375 0.03 0.05353319057815846
1 0.46 0.4689507494646681 0.02857142857142857 0.05139186295503212
1 0.5514285714285714 0.4657387580299786 0.02857142857142857 0.04925053533190578
1 0.6107142857142858 0.4486081370449679 0.03 0.04925053533190578
1 0.5157142857142857 0.5588865096359743 0.03142857142857143 0.05139186295503212
1 0.4007142857142857 0.538543897216274 0.03 0.05353319057815846
1 0.32071428571428573 0.5974304068522484 0.03 0.059957173447537475
1 0.5871428571428572 0.5235546038543897 0.037142857142857144 0.05353319057815846
1 0.6671428571428571 0.5246252676659529 0.037142857142857144 0.05139186295503212
1 0.6507142857142857 0.4443254817987152 0.032857142857142856 0.05353319057815846
1 0.3392857142857143 0.43790149892933616 0.024285714285714285 0.04925053533190578
1 0.9221428571428572 0.4817987152034261 0.03 0.05139186295503212
1 0.8721428571428571 0.3747323340471092 0.027142857142857142 0.047109207708779445
1 0.91 0.38008565310492504 0.025714285714285714 0.04068522483940043
1 0.83 0.3361884368308351 0.025714285714285714 0.05139186295503212
1 0.8221428571428572 0.39400428265524623 0.03 0.055674518201284794
1 0.925 0.4100642398286938 0.03 0.05353319057815846
1 0.7557142857142857 0.4443254817987152 0.03142857142857143 0.04925053533190578
1 0.22785714285714287 0.6145610278372591 0.027142857142857142 0.047109207708779445
