1 0.029005524861878452 0.38357843137254904 0.022099447513812154 0.041666666666666664
1 0.1270718232044199 0.2965686274509804 0.06906077348066299 0.1323529411764706
1 0.39088397790055246 0.38848039215686275 0.055248618784530384 0.0857843137254902
1 0.47651933701657456 0.3799019607843137 0.03867403314917127 0.06862745098039216
1 0.5296961325966851 0.3786764705882353 0.03729281767955801 0.0661764705882353
1 0.5711325966850829 0.36151960784313725 0.026243093922651933 0.051470588235294115
1 0.5959944751381215 0.3590686274509804 0.023480662983425413 0.056372549019607844
1 0.6498618784530387 0.375 0.026243093922651933 0.049019607843137254
1 0.800414364640884 0.27205882352941174 0.03729281767955801 0.0784313725490196
1 0.30386740331491713 0.4166666666666667 0.04419889502762431 0.0784313725490196
1 0.44060773480662985 0.38480392156862747 0.03591160220994475 0.06862745098039216
1 0.22513812154696133 0.43014705882352944 0.055248618784530384 0.11029411764705882
