1 0.7331730769230769 0.3293269230769231 0.08653846153846154 0.09615384615384616
1 0.8185096153846154 0.3786057692307692 0.09375 0.10817307692307693
1 0.3942307692307692 0.3858173076923077 0.0673076923076923 0.07932692307692307
1 0.19471153846153846 0.4338942307692308 0.07211538461538461 0.06971153846153846
1 0.03245192307692308 0.3016826923076923 0.055288461538461536 0.06971153846153846
1 0.21875 0.32572115384615385 0.052884615384615384 0.09375
1 0.40384615384615385 0.24759615384615385 0.04807692307692308 0.0625
1 0.18990384615384615 0.19831730769230768 0.04807692307692308 0.05048076923076923
1 0.3389423076923077 0.21033653846153846 0.04807692307692308 0.055288461538461536
1 0.6502403846153846 0.4963942307692308 0.08413461538461539 0.07451923076923077
1 0.734375 0.026442307692307692 0.0889423076923077 0.052884615384615384
1 0.03125 0.03365384615384615 0.057692307692307696 0.0673076923076923
1 0.21995192307692307 0.027644230769230768 0.055288461538461536 0.055288461538461536
1 0.40384615384615385 0.08413461538461539 0.04807692307692308 0.0625
1 0.18990384615384615 0.13581730769230768 0.04807692307692308 0.05048076923076923
1 0.3389423076923077 0.12379807692307693 0.04807692307692308 0.055288461538461536
