1 0.4026442307692308 0.4206730769230769 0.06009615384615385 0.0673076923076923
1 0.5192307692307693 0.4543269230769231 0.0625 0.0625
1 0.8497596153846154 0.3629807692307692 0.055288461538461536 0.07211538461538461
1 0.2668269230769231 0.39903846153846156 0.038461538461538464 0.04807692307692308
1 0.6286057692307693 0.41947115384615385 0.040865384615384616 0.04567307692307692
1 0.9338942307692307 0.3449519230769231 0.040865384615384616 0.055288461538461536
1 0.4026442307692308 0.05048076923076923 0.06009615384615385 0.0673076923076923
1 0.5204326923076923 0.025240384615384616 0.06490384615384616 0.05048076923076923
1 0.8497596153846154 0.10817307692307693 0.055288461538461536 0.07211538461538461
1 0.2668269230769231 0.07211538461538461 0.038461538461538464 0.04807692307692308
1 0.6286057692307693 0.054086538461538464 0.040865384615384616 0.04567307692307692
1 0.9338942307692307 0.12860576923076922 0.040865384615384616 0.055288461538461536
