1 0.817 0.34534534534534533 0.094 0.1981981981981982
1 0.682 0.33783783783783783 0.128 0.23723723723723725
1 0.371 0.3408408408408408 0.026 0.057057057057057055
1 0.32 0.35285285285285284 0.032 0.057057057057057055
1 0.255 0.3183183183183183 0.07 0.13213213213213212
1 0.126 0.3633633633633634 0.032 0.05405405405405406
1 0.165 0.37987987987987987 0.018 0.03303303303303303
1 0.186 0.3738738738738739 0.016 0.02702702702702703
0 0.209 0.36186186186186187 0.018 0.03303303303303303
1 0.089 0.3663663663663664 0.018 0.042042042042042045
