1 0.8653846153846154 0.3701923076923077 0.15384615384615385 0.16826923076923078
1 0.4098557692307692 0.3858173076923077 0.12740384615384615 0.18028846153846154
1 0.7764423076923077 0.46274038461538464 0.07211538461538461 0.0889423076923077
1 0.6778846153846154 0.4026442307692308 0.125 0.16105769230769232
1 0.09495192307692307 0.3641826923076923 0.14182692307692307 0.19471153846153846
1 0.4795673076923077 0.4326923076923077 0.08413461538461539 0.1346153846153846
1 0.6165865384615384 0.45913461538461536 0.06971153846153846 0.08653846153846154
1 0.19951923076923078 0.5024038461538461 0.04807692307692308 0.0625
1 0.5396634615384616 0.484375 0.06490384615384616 0.0889423076923077
1 0.8665865384615384 0.02403846153846154 0.15625 0.04807692307692308
1 0.40865384615384615 0.019230769230769232 0.12980769230769232 0.038461538461538464
1 0.09375 0.03365384615384615 0.14423076923076922 0.0673076923076923
