1 0.06675062972292191 0.28651685393258425 0.09319899244332494 0.19101123595505617
1 0.14105793450881612 0.2640449438202247 0.08564231738035265 0.18352059925093633
1 0.20780856423173805 0.352059925093633 0.042821158690176324 0.09737827715355805
1 0.25692695214105793 0.29213483146067415 0.08060453400503778 0.149812734082397
1 0.371536523929471 0.3464419475655431 0.06801007556675064 0.14606741573033707
1 0.4521410579345088 0.35580524344569286 0.07304785894206549 0.149812734082397
1 0.5994962216624685 0.37265917602996257 0.05037783375314862 0.11610486891385768
1 0.6385390428211587 0.3895131086142322 0.07304785894206549 0.149812734082397
1 0.7581863979848866 0.350187265917603 0.07052896725440806 0.14606741573033707
1 0.8589420654911839 0.38202247191011235 0.060453400503778336 0.1198501872659176
1 0.9105793450881612 0.3707865168539326 0.06801007556675064 0.14232209737827714
1 0.9697732997481109 0.40636704119850187 0.05037783375314862 0.12359550561797752
