1 0.7319711538461539 0.3485576923076923 0.19471153846153846 0.23076923076923078
1 0.3641826923076923 0.4891826923076923 0.06971153846153846 0.07932692307692307
1 0.17427884615384615 0.46875 0.0985576923076923 0.125
1 0.25 0.4891826923076923 0.08653846153846154 0.11298076923076923
1 0.4963942307692308 0.47716346153846156 0.05048076923076923 0.055288461538461536
1 0.11057692307692307 0.4206730769230769 0.057692307692307696 0.08173076923076923
1 0.4338942307692308 0.49158653846153844 0.06490384615384616 0.06971153846153846
1 0.6550480769230769 0.40384615384615385 0.07932692307692307 0.09134615384615384
1 0.33533653846153844 0.45072115384615385 0.036057692307692304 0.036057692307692304
0 0.02283653846153846 0.453125 0.040865384615384616 0.06971153846153846
0 0.042067307692307696 0.39663461538461536 0.05048076923076923 0.0625
1 0.7307692307692307 0.028846153846153848 0.1971153846153846 0.057692307692307696
