0 0.8641826923076923 0.363855421686747 0.06490384615384616 0.0819277108433735
0 0.31009615384615385 0.40602409638554215 0.07211538461538461 0.09879518072289156
0 0.44591346153846156 0.42289156626506025 0.06971153846153846 0.09397590361445783
0 0.9603365384615384 0.3481927710843373 0.07451923076923077 0.09397590361445783
0 0.5697115384615384 0.39156626506024095 0.09134615384615384 0.10843373493975904
0 0.7379807692307693 0.4 0.057692307692307696 0.06746987951807229
0 0.04447115384615385 0.40963855421686746 0.026442307692307692 0.02891566265060241
0 0.25841346153846156 0.40602409638554215 0.021634615384615384 0.03132530120481928
0 0.21754807692307693 0.41927710843373495 0.021634615384615384 0.024096385542168676
0 0.19591346153846154 0.4108433734939759 0.021634615384615384 0.03132530120481928
