1 0.0985576923076923 0.3325301204819277 0.09134615384615384 0.0963855421686747
1 0.17668269230769232 0.3265060240963855 0.06490384615384616 0.06987951807228916
0 0.44471153846153844 0.3144578313253012 0.052884615384615384 0.06506024096385542
0 0.6286057692307693 0.30481927710843376 0.07451923076923077 0.08433734939759036
0 0.8112980769230769 0.3096385542168675 0.07932692307692307 0.08433734939759036
1 0.09975961538461539 0.02530120481927711 0.09375 0.05060240963855422
1 0.17548076923076922 0.021686746987951807 0.0673076923076923 0.043373493975903614
0 0.44591346153846156 0.02650602409638554 0.055288461538461536 0.05301204819277108
0 0.6274038461538461 0.03614457831325301 0.07692307692307693 0.07228915662650602
0 0.8100961538461539 0.033734939759036145 0.08173076923076923 0.06746987951807229
