1 0.07625 0.45786516853932585 0.0525 0.08426966292134831
1 0.13625 0.44662921348314605 0.035 0.06554307116104868
1 0.17125 0.397940074906367 0.065 0.1104868913857678
1 0.408125 0.35767790262172283 0.06375 0.1198501872659176
1 0.4675 0.449438202247191 0.0425 0.0898876404494382
1 0.604375 0.44662921348314605 0.04375 0.07677902621722846
1 0.691875 0.44756554307116103 0.02125 0.07116104868913857
1 0.714375 0.45880149812734083 0.04375 0.06741573033707865
1 0.791875 0.40636704119850187 0.04625 0.08614232209737828
1 0.920625 0.4166666666666667 0.03625 0.07303370786516854
1 0.965625 0.4410112359550562 0.04125 0.06554307116104868
1 0.2825 0.550561797752809 0.0175 0.03745318352059925
