1 0.08875 0.4812382739212008 0.0425 0.06941838649155722
1 0.385 0.50093808630394 0.0325 0.07129455909943715
1 0.7425 0.5834896810506567 0.0375 0.0600375234521576
1 0.83375 0.5703564727954972 0.035 0.0675422138836773
0 0.56125 0.573170731707317 0.03 0.06191369606003752
0 0.651875 0.5816135084427767 0.03125 0.05628517823639775
1 0.02875 0.7917448405253283 0.055 0.1425891181988743
1 0.07625 0.7439024390243902 0.075 0.1294559099437148
1 0.128125 0.6669793621013134 0.05875 0.09943714821763602
1 0.12625 0.8714821763602252 0.1075 0.15947467166979362
1 0.1975 0.7157598499061913 0.065 0.11444652908067542
1 0.25625 0.6772983114446529 0.055 0.0900562851782364
1 0.245 0.8048780487804879 0.0775 0.1275797373358349
1 0.310625 0.6604127579737336 0.04875 0.0825515947467167
1 0.31875 0.8771106941838649 0.1025 0.13320825515947468
1 0.36375 0.7223264540337712 0.0575 0.1050656660412758
1 0.400625 0.773921200750469 0.07875 0.12570356472795496
1 0.415625 0.6435272045028143 0.04125 0.075046904315197
1 0.511875 0.6932457786116323 0.05125 0.09943714821763602
1 0.5575 0.848968105065666 0.09 0.14446529080675422
1 0.495 0.9071294559099438 0.1275 0.18574108818011256
1 0.56 0.6641651031894934 0.05 0.07879924953095685
1 0.580625 0.7439024390243902 0.05625 0.09193245778611632
1 0.640625 0.7570356472795498 0.07625 0.14071294559099437
1 0.68375 0.6547842401500938 0.0475 0.0825515947467167
1 0.798125 0.6641651031894934 0.04875 0.08630393996247655
1 0.86125 0.7166979362101313 0.065 0.09380863039399624
1 0.910625 0.648217636022514 0.05875 0.10318949343339587
1 0.75125 0.8480300187617261 0.105 0.1726078799249531
1 0.81625 0.8095684803001876 0.075 0.11444652908067542
1 0.965625 0.7345215759849906 0.06875 0.1294559099437148
1 0.97625 0.8536585365853658 0.0475 0.17636022514071295
