1 0.11899038461538461 0.6795180722891566 0.06009615384615385 0.043373493975903614
1 0.2668269230769231 0.6180722891566265 0.057692307692307696 0.06987951807228916
1 0.6790865384615384 0.6132530120481928 0.04567307692307692 0.04578313253012048
1 0.9759615384615384 0.6048192771084338 0.04326923076923077 0.07228915662650602
1 0.28365384615384615 0.2746987951807229 0.04326923076923077 0.05301204819277108
1 0.5 0.28072289156626506 0.038461538461538464 0.04096385542168675
1 0.5685096153846154 0.3180722891566265 0.036057692307692304 0.043373493975903614
1 0.7199519230769231 0.41927710843373495 0.026442307692307692 0.02891566265060241
1 0.6682692307692307 0.46265060240963857 0.028846153846153848 0.033734939759036145
0 0.4050480769230769 0.2 0.055288461538461536 0.05783132530120482
1 0.11778846153846154 0.983132530120482 0.0625 0.02891566265060241
1 0.28365384615384615 0.05783132530120482 0.04326923076923077 0.05301204819277108
1 0.5 0.05421686746987952 0.038461538461538464 0.04096385542168675
1 0.5673076923076923 0.01927710843373494 0.038461538461538464 0.03855421686746988
0 0.4050480769230769 0.13253012048192772 0.055288461538461536 0.05783132530120482
