1 0.9266826923076923 0.3457831325301205 0.08413461538461539 0.10361445783132531
1 0.35096153846153844 0.3349397590361446 0.0673076923076923 0.0963855421686747
1 0.14543269230769232 0.3204819277108434 0.0889423076923077 0.10602409638554217
1 0.5048076923076923 0.3289156626506024 0.10096153846153846 0.12771084337349398
1 0.7127403846153846 0.3192771084337349 0.10336538461538461 0.12771084337349398
1 0.8557692307692307 0.3469879518072289 0.057692307692307696 0.07228915662650602
1 0.2848557692307692 0.31204819277108437 0.10336538461538461 0.12771084337349398
1 0.6057692307692307 0.3578313253012048 0.04807692307692308 0.06987951807228916
1 0.7668269230769231 0.3614457831325301 0.052884615384615384 0.07228915662650602
1 0.4170673076923077 0.38313253012048193 0.04567307692307692 0.07228915662650602
1 0.9254807692307693 0.020481927710843374 0.08653846153846154 0.04096385542168675
1 0.35216346153846156 0.024096385542168676 0.06971153846153846 0.04819277108433735
1 0.14423076923076922 0.033734939759036145 0.09134615384615384 0.06746987951807229
1 0.5060096153846154 0.03493975903614458 0.10336538461538461 0.06987951807228916
1 0.7115384615384616 0.03975903614457831 0.10576923076923077 0.07951807228915662
1 0.8569711538461539 0.012048192771084338 0.06009615384615385 0.024096385542168676
1 0.28365384615384615 0.043373493975903614 0.10576923076923077 0.08674698795180723
