1 0.7055288461538461 0.30843373493975906 0.0889423076923077 0.12530120481927712
1 0.4206730769230769 0.3313253012048193 0.10096153846153846 0.1180722891566265
1 0.5841346153846154 0.3602409638554217 0.10096153846153846 0.12771084337349398
1 0.3269230769230769 0.36626506024096384 0.10096153846153846 0.12048192771084337
1 0.2127403846153846 0.3072289156626506 0.10817307692307693 0.12289156626506025
1 0.8461538461538461 0.3421686746987952 0.10096153846153846 0.12530120481927712
1 0.7043269230769231 0.04457831325301205 0.09134615384615384 0.0891566265060241
1 0.421875 0.03132530120481928 0.10336538461538461 0.06265060240963856
1 0.5853365384615384 0.01927710843373494 0.10336538461538461 0.03855421686746988
1 0.328125 0.014457831325301205 0.10336538461538461 0.02891566265060241
1 0.21153846153846154 0.04457831325301205 0.11057692307692307 0.0891566265060241
1 0.8473557692307693 0.027710843373493974 0.10336538461538461 0.05542168674698795
