0 0.03888888888888889 0.39375 0.025925925925925925 0.04027777777777778
0 0.0625 0.46944444444444444 0.025 0.044444444444444446
0 0.05324074074074074 0.5138888888888888 0.030555555555555555 0.05
0 0.059722222222222225 0.3298611111111111 0.021296296296296296 0.034722222222222224
0 0.1125 0.37430555555555556 0.023148148148148147 0.04027777777777778
0 0.12685185185185185 0.4340277777777778 0.022222222222222223 0.04583333333333333
0 0.11435185185185186 0.5208333333333334 0.026851851851851852 0.044444444444444446
0 0.1412037037037037 0.30694444444444446 0.023148148148148147 0.03611111111111111
0 0.16527777777777777 0.37569444444444444 0.023148148148148147 0.04027777777777778
0 0.18425925925925926 0.4375 0.024074074074074074 0.041666666666666664
0 0.2013888888888889 0.39791666666666664 0.021296296296296296 0.043055555555555555
0 0.20046296296296295 0.29791666666666666 0.021296296296296296 0.043055555555555555
0 0.16805555555555557 0.54375 0.023148148148148147 0.043055555555555555
0 0.2222222222222222 0.4736111111111111 0.020370370370370372 0.041666666666666664
0 0.22453703703703703 0.5493055555555556 0.025 0.043055555555555555
0 0.28194444444444444 0.5416666666666666 0.025 0.044444444444444446
0 0.3050925925925926 0.4909722222222222 0.023148148148148147 0.04027777777777778
0 0.31805555555555554 0.55 0.026851851851851852 0.04722222222222222
0 0.25046296296296294 0.3861111111111111 0.023148148148148147 0.03888888888888889
0 0.2449074074074074 0.30416666666666664 0.023148148148148147 0.03888888888888889
0 0.28425925925925927 0.2972222222222222 0.022222222222222223 0.03611111111111111
0 0.27824074074074073 0.34652777777777777 0.021296296296296296 0.04027777777777778
0 0.30092592592592593 0.36875 0.024074074074074074 0.04027777777777778
0 0.33611111111111114 0.33611111111111114 0.020370370370370372 0.03611111111111111
0 0.34074074074074073 0.2951388888888889 0.022222222222222223 0.0375
0 0.35324074074074074 0.2659722222222222 0.021296296296296296 0.034722222222222224
0 0.38564814814814813 0.3111111111111111 0.021296296296296296 0.03611111111111111
0 0.36157407407407405 0.5493055555555556 0.025 0.043055555555555555
0 0.4074074074074074 0.55 0.025925925925925925 0.044444444444444446
0 0.45694444444444443 0.5673611111111111 0.025 0.04583333333333333
0 0.5370370370370371 0.5513888888888889 0.025925925925925925 0.04722222222222222
0 0.5805555555555556 0.49722222222222223 0.022222222222222223 0.03888888888888889
0 0.39814814814814814 0.28541666666666665 0.022222222222222223 0.034722222222222224
0 0.4305555555555556 0.29305555555555557 0.020370370370370372 0.030555555555555555
0 0.47453703703703703 0.2826388888888889 0.019444444444444445 0.034722222222222224
0 0.47453703703703703 0.32222222222222224 0.021296296296296296 0.03888888888888889
0 0.5203703703703704 0.3173611111111111 0.020370370370370372 0.0375
0 0.5439814814814815 0.2777777777777778 0.021296296296296296 0.03888888888888889
0 0.5652777777777778 0.3138888888888889 0.021296296296296296 0.03611111111111111
0 0.5925925925925926 0.34652777777777777 0.020370370370370372 0.04027777777777778
0 0.6138888888888889 0.32013888888888886 0.022222222222222223 0.0375
0 0.6305555555555555 0.2951388888888889 0.020370370370370372 0.034722222222222224
0 0.6212962962962963 0.4125 0.022222222222222223 0.03888888888888889
0 0.6129629629629629 0.5694444444444444 0.024074074074074074 0.044444444444444446
0 0.6680555555555555 0.5652777777777778 0.025 0.05
0 0.6796296296296296 0.4125 0.022222222222222223 0.041666666666666664
0 0.6509259259259259 0.3506944444444444 0.022222222222222223 0.0375
0 0.6902777777777778 0.3347222222222222 0.019444444444444445 0.03888888888888889
0 0.6921296296296297 0.2923611111111111 0.019444444444444445 0.03194444444444444
0 0.7736111111111111 0.2972222222222222 0.021296296296296296 0.03611111111111111
0 0.7407407407407407 0.33541666666666664 0.022222222222222223 0.0375
0 0.7458333333333333 0.3680555555555556 0.023148148148148147 0.03611111111111111
0 0.7296296296296296 0.4215277777777778 0.022222222222222223 0.04027777777777778
0 0.7907407407407407 0.4340277777777778 0.024074074074074074 0.04027777777777778
0 0.8023148148148148 0.3506944444444444 0.021296296296296296 0.0375
0 0.8291666666666667 0.32708333333333334 0.019444444444444445 0.0375
0 0.8685185185185185 0.3597222222222222 0.022222222222222223 0.041666666666666664
0 0.825462962962963 0.40625 0.023148148148148147 0.0375
0 0.8564814814814815 0.4513888888888889 0.024074074074074074 0.03888888888888889
0 0.7814814814814814 0.5652777777777778 0.024074074074074074 0.041666666666666664
0 0.8476851851851852 0.5326388888888889 0.025 0.04861111111111111
0 0.9189814814814815 0.38055555555555554 0.025 0.041666666666666664
0 0.9138888888888889 0.4326388888888889 0.024074074074074074 0.043055555555555555
0 0.9185185185185185 0.5673611111111111 0.024074074074074074 0.04861111111111111
0 0.9634259259259259 0.5763888888888888 0.026851851851851852 0.04722222222222222
