1 0.8377403846153846 0.25542168674698795 0.11778846153846154 0.13975903614457832
1 0.6983173076923077 0.29759036144578316 0.09375 0.10361445783132531
0 0.5108173076923077 0.30120481927710846 0.07451923076923077 0.0819277108433735
0 0.13942307692307693 0.27951807228915665 0.12980769230769232 0.13975903614457832
0 0.35697115384615385 0.25903614457831325 0.07932692307692307 0.10361445783132531
0 0.9290865384615384 0.27710843373493976 0.07932692307692307 0.07228915662650602
0 0.20793269230769232 0.2963855421686747 0.05048076923076923 0.0963855421686747
1 0.8377403846153846 0.07710843373493977 0.11778846153846154 0.13975903614457832
1 0.6971153846153846 0.04457831325301205 0.09615384615384616 0.0891566265060241
0 0.5096153846153846 0.03734939759036145 0.07692307692307693 0.0746987951807229
0 0.140625 0.06265060240963856 0.13221153846153846 0.12530120481927712
0 0.35697115384615385 0.07590361445783132 0.07932692307692307 0.10361445783132531
0 0.9290865384615384 0.05542168674698795 0.07932692307692307 0.07228915662650602
0 0.20673076923076922 0.043373493975903614 0.052884615384615384 0.08674698795180723
