1 0.4423076923076923 0.24759615384615385 0.09134615384615384 0.10576923076923077
1 0.8822115384615384 0.24519230769230768 0.10576923076923077 0.12980769230769232
1 0.17067307692307693 0.2848557692307692 0.10096153846153846 0.12259615384615384
1 0.5096153846153846 0.29086538461538464 0.04326923076923077 0.04326923076923077
0 0.59375 0.29086538461538464 0.057692307692307696 0.08173076923076923
1 0.4423076923076923 0.06009615384615385 0.09134615384615384 0.10576923076923077
1 0.8834134615384616 0.06490384615384616 0.10817307692307693 0.12980769230769232
1 0.171875 0.04326923076923077 0.10336538461538461 0.08653846153846154
1 0.5108173076923077 0.020432692307692308 0.04567307692307692 0.040865384615384616
0 0.5949519230769231 0.030048076923076924 0.06009615384615385 0.06009615384615385
