1 0.22355769230769232 0.3088942307692308 0.08173076923076923 0.09375
1 0.33052884615384615 0.4110576923076923 0.06971153846153846 0.08173076923076923
1 0.33774038461538464 0.5180288461538461 0.07932692307692307 0.055288461538461536
0 0.6899038461538461 0.2932692307692308 0.08173076923076923 0.09615384615384616
0 0.953125 0.4519230769230769 0.06490384615384616 0.07692307692307693
0 0.39302884615384615 0.41466346153846156 0.06009615384615385 0.06009615384615385
0 0.5216346153846154 0.33413461538461536 0.04807692307692308 0.04807692307692308
1 0.4651442307692308 0.4074519230769231 0.055288461538461536 0.055288461538461536
0 0.46153846153846156 0.2668269230769231 0.057692307692307696 0.0673076923076923
0 0.46274038461538464 0.009615384615384616 0.06009615384615385 0.019230769230769232
