1 0.7944711538461539 0.2927710843373494 0.07932692307692307 0.10361445783132531
1 0.3701923076923077 0.37349397590361444 0.10576923076923077 0.12530120481927712
1 0.48677884615384615 0.3891566265060241 0.09375 0.1180722891566265
1 0.6442307692307693 0.3506024096385542 0.11538461538461539 0.1180722891566265
1 0.5588942307692307 0.3710843373493976 0.08413461538461539 0.12530120481927712
0 0.19831730769230768 0.3204819277108434 0.09375 0.0963855421686747
1 0.7932692307692307 0.046987951807228916 0.08173076923076923 0.09397590361445783
1 0.6454326923076923 0.021686746987951807 0.11778846153846154 0.043373493975903614
1 0.5576923076923077 0.01325301204819277 0.08653846153846154 0.02650602409638554
0 0.1971153846153846 0.03132530120481928 0.09615384615384616 0.06265060240963856
