1 0.7199519230769231 0.296875 0.0889423076923077 0.0985576923076923
0 0.44471153846153844 0.2668269230769231 0.0673076923076923 0.10096153846153846
0 0.2980769230769231 0.2764423076923077 0.0673076923076923 0.09615384615384616
0 0.9194711538461539 0.2776442307692308 0.09375 0.11298076923076923
0 0.15625 0.24519230769230768 0.09615384615384616 0.12980769230769232
0 0.5588942307692307 0.2608173076923077 0.07932692307692307 0.10336538461538461
0 0.8762019230769231 0.2776442307692308 0.06490384615384616 0.09375
0 0.5072115384615384 0.2764423076923077 0.057692307692307696 0.07692307692307693
0 0.21754807692307693 0.28725961538461536 0.06009615384615385 0.08413461538461539
0 0.44591346153846156 0.020432692307692308 0.06971153846153846 0.040865384615384616
0 0.29927884615384615 0.014423076923076924 0.06971153846153846 0.028846153846153848
0 0.9182692307692307 0.018028846153846152 0.09615384615384616 0.036057692307692304
0 0.15745192307692307 0.038461538461538464 0.0985576923076923 0.07692307692307693
0 0.5576923076923077 0.02403846153846154 0.08173076923076923 0.04807692307692308
0 0.875 0.013221153846153846 0.0673076923076923 0.026442307692307692
0 0.5084134615384616 0.009615384615384616 0.06009615384615385 0.019230769230769232
