1 0.7403846153846154 0.25600961538461536 0.08173076923076923 0.08413461538461539
1 0.8689903846153846 0.3233173076923077 0.07451923076923077 0.08413461538461539
1 0.31490384615384615 0.2668269230769231 0.0673076923076923 0.07211538461538461
1 0.32572115384615385 0.3581730769230769 0.0985576923076923 0.10576923076923077
1 0.5576923076923077 0.36899038461538464 0.07692307692307693 0.09375
1 0.07211538461538461 0.2764423076923077 0.052884615384615384 0.0625
1 0.47475961538461536 0.2668269230769231 0.05048076923076923 0.052884615384615384
1 0.5396634615384616 0.25600961538461536 0.04567307692307692 0.06009615384615385
1 0.8269230769230769 0.2512019230769231 0.052884615384615384 0.06490384615384616
1 0.7403846153846154 0.078125 0.08173076923076923 0.08413461538461539
1 0.8677884615384616 0.026442307692307692 0.07692307692307693 0.052884615384615384
1 0.31490384615384615 0.06490384615384616 0.0673076923076923 0.07211538461538461
1 0.3245192307692308 0.014423076923076924 0.10096153846153846 0.028846153846153848
1 0.07211538461538461 0.055288461538461536 0.052884615384615384 0.0625
1 0.47475961538461536 0.06490384615384616 0.05048076923076923 0.052884615384615384
1 0.5396634615384616 0.078125 0.04567307692307692 0.06009615384615385
1 0.8269230769230769 0.0829326923076923 0.052884615384615384 0.06490384615384616
