1 0.8942307692307693 0.35903614457831323 0.12980769230769232 0.1686746987951807
0 0.45072115384615385 0.3795180722891566 0.11778846153846154 0.16626506024096385
0 0.09495192307692307 0.3168674698795181 0.11778846153846154 0.14216867469879518
0 0.6430288461538461 0.3855421686746988 0.10336538461538461 0.13493975903614458
0 0.18389423076923078 0.39156626506024095 0.06971153846153846 0.06987951807228916
0 0.3076923076923077 0.42409638554216866 0.0625 0.0819277108433735
0 0.5612980769230769 0.3963855421686747 0.09375 0.11325301204819277
0 0.5240384615384616 0.4457831325301205 0.057692307692307696 0.08674698795180723
1 0.8954326923076923 0.027710843373493974 0.13221153846153846 0.05542168674698795
0 0.4495192307692308 0.016867469879518072 0.1201923076923077 0.033734939759036145
0 0.09375 0.04216867469879518 0.1201923076923077 0.08433734939759036
