1 0.105 0.5122222222222222 0.07333333333333333 0.11333333333333333
1 0.17666666666666667 0.5477777777777778 0.056666666666666664 0.08222222222222222
1 0.24333333333333335 0.54 0.03 0.05333333333333334
1 0.2775 0.5255555555555556 0.041666666666666664 0.07333333333333333
1 0.30416666666666664 0.5511111111111111 0.028333333333333332 0.044444444444444446
1 0.3308333333333333 0.5322222222222223 0.03166666666666667 0.05555555555555555
1 0.37916666666666665 0.5111111111111111 0.041666666666666664 0.07555555555555556
1 0.4141666666666667 0.5411111111111111 0.035 0.05555555555555555
1 0.44583333333333336 0.5322222222222223 0.035 0.06444444444444444
1 0.4766666666666667 0.5388888888888889 0.02666666666666667 0.06
1 0.5 0.5488888888888889 0.03333333333333333 0.057777777777777775
1 0.5191666666666667 0.5322222222222223 0.028333333333333332 0.06
1 0.5475 0.5455555555555556 0.03166666666666667 0.051111111111111114
1 0.5883333333333334 0.52 0.023333333333333334 0.05333333333333334
1 0.6033333333333334 0.5288888888888889 0.023333333333333334 0.06222222222222222
1 0.6283333333333333 0.5344444444444445 0.03666666666666667 0.06444444444444444
1 0.6583333333333333 0.5233333333333333 0.03 0.06
1 0.685 0.5244444444444445 0.03 0.04888888888888889
1 0.7208333333333333 0.5277777777777778 0.03833333333333333 0.06888888888888889
1 0.7658333333333334 0.5288888888888889 0.045 0.07111111111111111
1 0.7891666666666667 0.5188888888888888 0.025 0.05555555555555555
1 0.8133333333333334 0.5477777777777778 0.04 0.06444444444444444
1 0.8675 0.5244444444444445 0.03833333333333333 0.06222222222222222
1 0.9308333333333333 0.4888888888888889 0.06166666666666667 0.08888888888888889
1 0.9875 0.5133333333333333 0.025 0.07111111111111111
0 0.22 0.5577777777777778 0.02 0.03111111111111111
