1 0.0875 0.38963963963963966 0.055 0.12162162162162163
1 0.163125 0.36599099099099097 0.04875 0.10135135135135136
1 0.22125 0.36373873873873874 0.04 0.08783783783783784
1 0.281875 0.38175675675675674 0.03375 0.07882882882882883
1 0.355625 0.4009009009009009 0.03125 0.07207207207207207
1 0.4375 0.35923423423423423 0.0325 0.06981981981981981
1 0.50625 0.3761261261261261 0.0325 0.07657657657657657
1 0.5625 0.3738738738738739 0.035 0.07657657657657657
1 0.641875 0.34572072072072074 0.03375 0.07432432432432433
1 0.660625 0.38738738738738737 0.03375 0.08108108108108109
1 0.701875 0.3761261261261261 0.03875 0.0945945945945946
1 0.7875 0.4009009009009009 0.05 0.11261261261261261
1 0.88375 0.3186936936936937 0.05 0.11486486486486487
