1 0.5451923076923076 0.6228323699421965 0.01730769230769231 0.02023121387283237
1 0.6451923076923077 0.6213872832369942 0.021153846153846155 0.04046242774566474
1 0.6711538461538461 0.6069364161849711 0.023076923076923078 0.04046242774566474
1 0.7028846153846153 0.6040462427745664 0.025 0.04046242774566474
1 0.7317307692307692 0.619942196531792 0.021153846153846155 0.03757225433526012
1 0.7644230769230769 0.6257225433526011 0.025 0.03757225433526012
1 0.7932692307692307 0.6141618497109826 0.025 0.04335260115606936
1 0.8115384615384615 0.6286127167630058 0.015384615384615385 0.031791907514450865
1 0.825 0.6257225433526011 0.019230769230769232 0.031791907514450865
1 0.8653846153846154 0.6170520231213873 0.03076923076923077 0.04335260115606936
1 0.05 0.6213872832369942 0.019230769230769232 0.03468208092485549
1 0.3644230769230769 0.6286127167630058 0.01730769230769231 0.02601156069364162
