1 0.013 0.30180180180180183 0.022 0.03903903903903904
1 0.051 0.2972972972972973 0.022 0.042042042042042045
1 0.066 0.2912912912912913 0.02 0.042042042042042045
1 0.092 0.2972972972972973 0.016 0.036036036036036036
1 0.12 0.28378378378378377 0.024 0.04504504504504504
1 0.146 0.2852852852852853 0.02 0.036036036036036036
1 0.165 0.2957957957957958 0.022 0.03903903903903904
1 0.201 0.2882882882882883 0.018 0.042042042042042045
1 0.22 0.2897897897897898 0.024 0.03903903903903904
1 0.276 0.2927927927927928 0.068 0.12312312312312312
1 0.341 0.27927927927927926 0.022 0.04804804804804805
1 0.361 0.28378378378378377 0.022 0.05105105105105105
1 0.396 0.2822822822822823 0.052 0.0960960960960961
1 0.437 0.26876876876876876 0.026 0.05105105105105105
1 0.456 0.26426426426426425 0.024 0.04804804804804805
1 0.474 0.2822822822822823 0.024 0.04804804804804805
1 0.519 0.27927927927927926 0.022 0.04804804804804805
1 0.549 0.2777777777777778 0.022 0.04504504504504504
1 0.592 0.27627627627627627 0.024 0.04804804804804805
1 0.609 0.27627627627627627 0.018 0.042042042042042045
1 0.624 0.27627627627627627 0.016 0.042042042042042045
1 0.642 0.26876876876876876 0.02 0.03903903903903904
1 0.669 0.2972972972972973 0.026 0.04804804804804805
1 0.711 0.2912912912912913 0.026 0.04804804804804805
1 0.75 0.25975975975975973 0.028 0.05105105105105105
1 0.791 0.2852852852852853 0.022 0.042042042042042045
1 0.818 0.2912912912912913 0.028 0.05405405405405406
1 0.834 0.25825825825825827 0.024 0.04804804804804805
1 0.878 0.2972972972972973 0.028 0.05405405405405406
1 0.906 0.2852852852852853 0.028 0.05405405405405406
1 0.952 0.2732732732732733 0.028 0.04804804804804805
1 0.981 0.3048048048048048 0.026 0.04504504504504504
