0 0.546875 0.38341346153846156 0.07932692307692307 0.09375
0 0.2932692307692308 0.35096153846153844 0.11057692307692307 0.12980769230769232
0 0.796875 0.3545673076923077 0.11298076923076923 0.13221153846153846
0 0.08533653846153846 0.3641826923076923 0.05048076923076923 0.055288461538461536
0 0.6971153846153846 0.36778846153846156 0.04326923076923077 0.057692307692307696
0 0.6622596153846154 0.3545673076923077 0.03125 0.04567307692307692
0 0.015625 0.36899038461538464 0.026442307692307692 0.05048076923076923
0 0.04567307692307692 0.36778846153846156 0.03365384615384615 0.04326923076923077
0 0.5456730769230769 0.039663461538461536 0.08173076923076923 0.07932692307692307
0 0.29447115384615385 0.06490384615384616 0.11298076923076923 0.12980769230769232
0 0.7956730769230769 0.06370192307692307 0.11538461538461539 0.12740384615384615
0 0.08533653846153846 0.051682692307692304 0.05048076923076923 0.055288461538461536
0 0.6971153846153846 0.04567307692307692 0.04326923076923077 0.057692307692307696
0 0.6622596153846154 0.06129807692307692 0.03125 0.04567307692307692
0 0.015625 0.046875 0.026442307692307692 0.05048076923076923
0 0.04567307692307692 0.04567307692307692 0.03365384615384615 0.04326923076923077
