1 0.5625 0.5480769230769231 0.04807692307692308 0.0673076923076923
1 0.13341346153846154 0.5649038461538461 0.040865384615384616 0.04807692307692308
1 0.054086538461538464 0.5420673076923077 0.036057692307692304 0.036057692307692304
1 0.0829326923076923 0.5625 0.036057692307692304 0.04807692307692308
1 0.22716346153846154 0.5588942307692307 0.03125 0.04567307692307692
1 0.2764423076923077 0.5504807692307693 0.03365384615384615 0.04807692307692308
1 0.3161057692307692 0.5697115384615384 0.04567307692307692 0.057692307692307696
1 0.39783653846153844 0.546875 0.04567307692307692 0.055288461538461536
1 0.5204326923076923 0.5661057692307693 0.036057692307692304 0.05048076923076923
1 0.49399038461538464 0.5516826923076923 0.03125 0.04567307692307692
1 0.6382211538461539 0.5492788461538461 0.036057692307692304 0.04567307692307692
1 0.6778846153846154 0.5492788461538461 0.03365384615384615 0.05048076923076923
1 0.7199519230769231 0.5625 0.040865384615384616 0.052884615384615384
0 0.9362980769230769 0.5997596153846154 0.06971153846153846 0.06971153846153846
1 0.8004807692307693 0.5432692307692307 0.04807692307692308 0.052884615384615384
1 0.8990384615384616 0.5420673076923077 0.03365384615384615 0.04567307692307692
1 0.96875 0.5480769230769231 0.04807692307692308 0.057692307692307696
