1 0.14182692307692307 0.563855421686747 0.16346153846153846 0.1927710843373494
1 0.2439903846153846 0.4843373493975904 0.0985576923076923 0.13012048192771083
1 0.41586538461538464 0.5060240963855421 0.057692307692307696 0.0819277108433735
1 0.39783653846153844 0.4578313253012048 0.040865384615384616 0.043373493975903614
1 0.453125 0.4542168674698795 0.05048076923076923 0.06506024096385542
1 0.5600961538461539 0.4602409638554217 0.057692307692307696 0.0819277108433735
1 0.6442307692307693 0.6734939759036145 0.2644230769230769 0.21445783132530122
1 0.7415865384615384 0.5253012048192771 0.0985576923076923 0.10602409638554217
1 0.8197115384615384 0.4807228915662651 0.09134615384615384 0.10361445783132531
1 0.9663461538461539 0.5542168674698795 0.057692307692307696 0.18313253012048192
1 0.7139423076923077 0.42891566265060244 0.057692307692307696 0.0819277108433735
1 0.6105769230769231 0.4831325301204819 0.10096153846153846 0.07951807228915662
1 0.6105769230769231 0.5783132530120482 0.16826923076923078 0.13975903614457832
1 0.6706730769230769 0.4903614457831325 0.057692307692307696 0.07951807228915662
1 0.6418269230769231 0.43253012048192774 0.0673076923076923 0.05060240963855422
1 0.14302884615384615 0.9506024096385542 0.1658653846153846 0.09397590361445783
1 0.4519230769230769 0.00963855421686747 0.052884615384615384 0.01927710843373494
1 0.5612980769230769 0.010843373493975903 0.06009615384615385 0.021686746987951807
1 0.6442307692307693 0.8927710843373494 0.2644230769230769 0.21445783132530122
1 0.9675480769230769 0.9578313253012049 0.06009615384615385 0.07951807228915662
1 0.7151442307692307 0.02650602409638554 0.06009615384615385 0.05301204819277108
1 0.6117788461538461 0.9566265060240964 0.17067307692307693 0.0819277108433735
1 0.6430288461538461 0.016867469879518072 0.06971153846153846 0.033734939759036145
