1 0.6916666666666667 0.3851851851851852 0.03888888888888889 0.05037037037037037
1 0.6427777777777778 0.35333333333333333 0.025555555555555557 0.037037037037037035
1 0.5566666666666666 0.30444444444444446 0.015555555555555555 0.025185185185185185
1 0.5738888888888889 0.33111111111111113 0.012222222222222223 0.025185185185185185
1 0.7694444444444445 0.3377777777777778 0.025555555555555557 0.04148148148148148
1 0.09166666666666666 0.35555555555555557 0.016666666666666666 0.023703703703703703
1 0.22722222222222221 0.34074074074074073 0.014444444444444444 0.02074074074074074
1 0.24333333333333335 0.36 0.02666666666666667 0.03851851851851852
1 0.3283333333333333 0.3437037037037037 0.027777777777777776 0.047407407407407405
1 0.27666666666666667 0.32592592592592595 0.013333333333333334 0.02074074074074074
1 0.38222222222222224 0.33925925925925926 0.008888888888888889 0.014814814814814815
