1 0.4014423076923077 0.25662650602409637 0.14423076923076922 0.17590361445783131
1 0.6526442307692307 0.3060240963855422 0.14182692307692307 0.19759036144578312
1 0.08774038461538461 0.25542168674698795 0.14182692307692307 0.1686746987951807
1 0.8161057692307693 0.344578313253012 0.16105769230769232 0.21204819277108433
1 0.9399038461538461 0.3192771084337349 0.057692307692307696 0.1180722891566265
1 0.9807692307692307 0.3144578313253012 0.03365384615384615 0.1855421686746988
1 0.4026442307692308 0.08313253012048193 0.1466346153846154 0.16626506024096385
1 0.6514423076923077 0.06385542168674699 0.14423076923076922 0.12771084337349398
1 0.08653846153846154 0.0819277108433735 0.14423076923076922 0.163855421686747
1 0.8149038461538461 0.04819277108433735 0.16346153846153846 0.0963855421686747
1 0.9411057692307693 0.03734939759036145 0.06009615384615385 0.0746987951807229
1 0.9819711538461539 0.056626506024096385 0.036057692307692304 0.11325301204819277
