1 0.49399038461538464 0.33413461538461536 0.06490384615384616 0.09615384615384616
1 0.6706730769230769 0.3293269230769231 0.08173076923076923 0.09615384615384616
1 0.5420673076923077 0.3125 0.055288461538461536 0.10096153846153846
1 0.11778846153846154 0.3641826923076923 0.22115384615384615 0.28125
0 0.4014423076923077 0.34375 0.08173076923076923 0.09615384615384616
0 0.3004807692307692 0.3545673076923077 0.08173076923076923 0.12740384615384615
1 0.3389423076923077 0.2980769230769231 0.057692307692307696 0.09134615384615384
1 0.4338942307692308 0.3016826923076923 0.05048076923076923 0.07451923076923077
1 0.49399038461538464 0.10336538461538461 0.06490384615384616 0.09615384615384616
1 0.6706730769230769 0.10817307692307693 0.08173076923076923 0.09615384615384616
1 0.5420673076923077 0.125 0.055288461538461536 0.10096153846153846
1 0.11899038461538461 0.10817307692307693 0.22355769230769232 0.21634615384615385
0 0.4014423076923077 0.09375 0.08173076923076923 0.09615384615384616
0 0.3004807692307692 0.08533653846153846 0.08173076923076923 0.12740384615384615
1 0.3389423076923077 0.13942307692307693 0.057692307692307696 0.09134615384615384
1 0.4338942307692308 0.13822115384615385 0.05048076923076923 0.07451923076923077
