1 0.8708881578947368 0.16299019607843138 0.08717105263157894 0.13970588235294118
0 0.7442434210526315 0.19362745098039216 0.03782894736842105 0.0784313725490196
1 0.6398026315789473 0.21446078431372548 0.039473684210526314 0.08088235294117647
1 0.555921052631579 0.1875 0.03618421052631579 0.0857843137254902
1 0.46381578947368424 0.20588235294117646 0.04276315789473684 0.09313725490196079
1 0.37088815789473684 0.20833333333333334 0.03782894736842105 0.0784313725490196
1 0.3363486842105263 0.21446078431372548 0.047697368421052634 0.0857843137254902
1 0.2680921052631579 0.25 0.03618421052631579 0.0784313725490196
1 0.19407894736842105 0.2193627450980392 0.03289473684210526 0.07598039215686274
1 0.21875 0.23284313725490197 0.02631578947368421 0.07352941176470588
1 0.1225328947368421 0.2340686274509804 0.03453947368421053 0.0661764705882353
1 0.2532894736842105 0.19975490196078433 0.03289473684210526 0.056372549019607844
1 0.05180921052631579 0.24632352941176472 0.03782894736842105 0.0857843137254902
1 0.02549342105263158 0.25245098039215685 0.04111842105263158 0.09803921568627451
