1 0.7788461538461539 0.42409638554216866 0.08173076923076923 0.10602409638554217
1 0.3317307692307692 0.4 0.0625 0.0819277108433735
1 0.7199519230769231 0.42168674698795183 0.06490384615384616 0.08674698795180723
1 0.40865384615384615 0.42048192771084336 0.057692307692307696 0.06987951807228916
1 0.5096153846153846 0.3963855421686747 0.052884615384615384 0.07951807228915662
1 0.5600961538461539 0.41686746987951806 0.057692307692307696 0.08674698795180723
1 0.08774038461538461 0.3686746987951807 0.05048076923076923 0.06746987951807229
1 0.030048076923076924 0.3493975903614458 0.04567307692307692 0.05783132530120482
1 0.23317307692307693 0.4072289156626506 0.038461538461538464 0.04819277108433735
1 0.028846153846153848 0.007228915662650603 0.04807692307692308 0.014457831325301205
