0 0.7848557692307693 0.3313253012048193 0.07451923076923077 0.08433734939759036
0 0.2247596153846154 0.30120481927710846 0.07451923076923077 0.0963855421686747
0 0.30649038461538464 0.3060240963855422 0.06971153846153846 0.0819277108433735
0 0.1466346153846154 0.3216867469879518 0.07692307692307693 0.09397590361445783
0 0.5564903846153846 0.3216867469879518 0.06971153846153846 0.09397590361445783
0 0.39663461538461536 0.31204819277108437 0.07211538461538461 0.0891566265060241
0 0.9314903846153846 0.3530120481927711 0.06971153846153846 0.08433734939759036
0 0.6670673076923077 0.3253012048192771 0.06971153846153846 0.08674698795180723
0 0.7836538461538461 0.02289156626506024 0.07692307692307693 0.04578313253012048
0 0.22355769230769232 0.04096385542168675 0.07692307692307693 0.0819277108433735
0 0.30528846153846156 0.03493975903614458 0.07211538461538461 0.06987951807228916
0 0.14783653846153846 0.030120481927710843 0.07932692307692307 0.060240963855421686
0 0.5552884615384616 0.030120481927710843 0.07211538461538461 0.060240963855421686
0 0.39783653846153844 0.033734939759036145 0.07451923076923077 0.06746987951807229
0 0.9302884615384616 0.012048192771084338 0.07211538461538461 0.024096385542168676
0 0.6658653846153846 0.02650602409638554 0.07211538461538461 0.05301204819277108
