1 0.2275390625 0.49712643678160917 0.048828125 0.09195402298850575
1 0.283203125 0.5747126436781609 0.046875 0.09195402298850575
1 0.3740234375 0.5402298850574713 0.037109375 0.06896551724137931
1 0.470703125 0.5560344827586207 0.05859375 0.11206896551724138
1 0.5947265625 0.5890804597701149 0.041015625 0.08045977011494253
1 0.5634765625 0.5517241379310345 0.029296875 0.06321839080459771
1 0.669921875 0.5517241379310345 0.03515625 0.06321839080459771
1 0.7314453125 0.5660919540229885 0.056640625 0.10919540229885058
1 0.8310546875 0.5488505747126436 0.033203125 0.06896551724137931
1 0.9765625 0.5589080459770115 0.02734375 0.05459770114942529
