1 0.5588942307692307 0.3786057692307692 0.08413461538461539 0.10336538461538461
1 0.30408653846153844 0.3737980769230769 0.0889423076923077 0.11778846153846154
1 0.7776442307692307 0.39783653846153844 0.0889423076923077 0.11778846153846154
1 0.14423076923076922 0.4050480769230769 0.052884615384615384 0.06971153846153846
1 0.36538461538461536 0.4326923076923077 0.057692307692307696 0.07211538461538461
1 0.96875 0.4170673076923077 0.038461538461538464 0.09375
1 0.46033653846153844 0.4266826923076923 0.05048076923076923 0.06971153846153846
1 0.1045673076923077 0.41586538461538464 0.036057692307692304 0.057692307692307696
1 0.6574519230769231 0.44591346153846156 0.040865384615384616 0.05048076923076923
1 0.9759615384615384 0.35697115384615385 0.038461538461538464 0.14182692307692307
1 0.9771634615384616 0.02403846153846154 0.040865384615384616 0.04807692307692308
