1 0.5879518072289157 0.7596153846153846 0.05783132530120482 0.07692307692307693
1 0.38433734939759034 0.7319711538461539 0.03614457831325301 0.05048076923076923
1 0.45542168674698796 0.7512019230769231 0.02891566265060241 0.05048076923076923
1 0.5313253012048192 0.2920673076923077 0.02650602409638554 0.03125
0 0.2325301204819277 0.7199519230769231 0.021686746987951807 0.026442307692307692
0 0.31204819277108437 0.7307692307692307 0.021686746987951807 0.02403846153846154
0 0.19518072289156627 0.703125 0.01927710843373494 0.026442307692307692
0 0.26987951807228916 0.7295673076923077 0.01927710843373494 0.021634615384615384
0 0.25421686746987954 0.7091346153846154 0.016867469879518072 0.019230769230769232
0 0.29759036144578316 0.7199519230769231 0.016867469879518072 0.021634615384615384
0 0.3313253012048193 0.7223557692307693 0.016867469879518072 0.026442307692307692
0 0.3481927710843373 0.7175480769230769 0.021686746987951807 0.026442307692307692
0 0.4746987951807229 0.7271634615384616 0.01927710843373494 0.016826923076923076
0 0.5337349397590362 0.7307692307692307 0.016867469879518072 0.02403846153846154
0 0.6939759036144578 0.7415865384615384 0.01927710843373494 0.021634615384615384
0 0.44457831325301206 0.7259615384615384 0.016867469879518072 0.019230769230769232
0 0.10240963855421686 0.7199519230769231 0.021686746987951807 0.026442307692307692
0 0.02289156626506024 0.7307692307692307 0.021686746987951807 0.02403846153846154
0 0.13734939759036144 0.703125 0.01927710843373494 0.026442307692307692
0 0.06265060240963856 0.7295673076923077 0.01927710843373494 0.021634615384615384
0 0.08072289156626505 0.7091346153846154 0.016867469879518072 0.019230769230769232
0 0.03734939759036145 0.7199519230769231 0.016867469879518072 0.021634615384615384
0 0.006024096385542169 0.7211538461538461 0.012048192771084338 0.028846153846153848
0 0.9734939759036144 0.7415865384615384 0.01927710843373494 0.021634615384615384
