1 0.315625 0.4002375296912114 0.02375 0.05463182897862233
1 0.493125 0.3919239904988123 0.01875 0.047505938242280284
1 0.62875 0.38836104513064135 0.0225 0.06413301662707839
1 0.713125 0.3847980997624703 0.02375 0.052256532066508314
1 0.736875 0.3681710213776722 0.02125 0.06175771971496437
1 0.7825 0.3812351543942993 0.02 0.0498812351543943
1 0.804375 0.3836104513064133 0.01875 0.0498812351543943
1 0.560625 0.37173396674584325 0.02875 0.07363420427553444
1 0.52875 0.41092636579572445 0.02 0.057007125890736345
1 0.655 0.37292161520190026 0.0325 0.07125890736342043
