1 0.3958333333333333 0.4465174129353234 0.04833333333333333 0.07711442786069651
1 0.5166666666666667 0.41044776119402987 0.043333333333333335 0.08955223880597014
1 0.5725 0.40422885572139305 0.028333333333333332 0.07711442786069651
1 0.5991666666666666 0.4216417910447761 0.041666666666666664 0.08706467661691543
1 0.6533333333333333 0.4639303482587065 0.06666666666666667 0.12189054726368159
1 0.7216666666666667 0.39676616915422885 0.02666666666666667 0.06218905472636816
1 0.8241666666666667 0.48383084577114427 0.021666666666666667 0.03731343283582089
0 0.30583333333333335 0.4228855721393035 0.025 0.03980099502487562
0 0.175 0.38930348258706465 0.056666666666666664 0.10696517412935323
1 0.5541666666666667 0.43159203980099503 0.018333333333333333 0.05721393034825871
0 0.9891666666666666 0.42412935323383083 0.021666666666666667 0.06218905472636816
