1 0.010294117647058823 0.3946078431372549 0.01911764705882353 0.05784313725490196
1 0.11838235294117647 0.35 0.07941176470588235 0.11960784313725491
1 0.22573529411764706 0.3191176470588235 0.057352941176470586 0.08725490196078431
1 0.23897058823529413 0.36764705882352944 0.020588235294117647 0.041176470588235294
1 0.31985294117647056 0.29901960784313725 0.03676470588235294 0.0784313725490196
1 0.38088235294117645 0.3392156862745098 0.047058823529411764 0.0784313725490196
1 0.4386029411764706 0.3524509803921569 0.019852941176470587 0.03431372549019608
1 0.4904411764705882 0.3397058823529412 0.01764705882352941 0.03627450980392157
1 0.5106617647058823 0.38088235294117645 0.04926470588235294 0.09313725490196079
1 0.555514705882353 0.35833333333333334 0.021323529411764706 0.03627450980392157
1 0.6514705882352941 0.34852941176470587 0.06911764705882353 0.11862745098039215
1 0.7275735294117647 0.3553921568627451 0.021323529411764706 0.03235294117647059
1 0.8022058823529412 0.35294117647058826 0.01764705882352941 0.029411764705882353
1 0.8253676470588235 0.3573529411764706 0.013970588235294118 0.026470588235294117
1 0.8481617647058823 0.36176470588235293 0.01838235294117647 0.025490196078431372
1 0.8988970588235294 0.367156862745098 0.015441176470588236 0.024509803921568627
1 0.9272058823529412 0.3446078431372549 0.025 0.03627450980392157
1 0.5713235294117647 0.35441176470588237 0.014705882352941176 0.024509803921568627
0 0.6125 0.3558823529411765 0.013235294117647059 0.029411764705882353
