1 0.5252403846153846 0.4411057692307692 0.06971153846153846 0.0889423076923077
1 0.8689903846153846 0.46274038461538464 0.09375 0.11778846153846154
1 0.7091346153846154 0.45913461538461536 0.08173076923076923 0.10576923076923077
1 0.4651442307692308 0.4362980769230769 0.055288461538461536 0.08413461538461539
1 0.9375 0.4182692307692308 0.0625 0.08173076923076923
1 0.4050480769230769 0.4254807692307692 0.055288461538461536 0.09134615384615384
1 0.36899038461538464 0.42908653846153844 0.05048076923076923 0.09375
1 0.3016826923076923 0.45072115384615385 0.04567307692307692 0.06971153846153846
1 0.7067307692307693 0.46033653846153844 0.08653846153846154 0.09375
1 0.7235576923076923 0.4026442307692308 0.057692307692307696 0.06971153846153846
1 0.7728365384615384 0.4230769230769231 0.05048076923076923 0.0673076923076923
1 0.9086538461538461 0.4651442307692308 0.057692307692307696 0.10336538461538461
