0 0.9381818181818182 0.44489247311827956 0.12 0.21236559139784947
0 0.8590909090909091 0.521505376344086 0.056363636363636366 0.0913978494623656
0 0.7863636363636364 0.510752688172043 0.034545454545454546 0.05913978494623656
0 0.73 0.5201612903225806 0.03090909090909091 0.051075268817204304
0 0.7 0.4959677419354839 0.04 0.07795698924731183
0 0.6718181818181819 0.5080645161290323 0.02 0.03763440860215054
0 0.6418181818181818 0.5080645161290323 0.025454545454545455 0.04838709677419355
0 0.5481818181818182 0.4946236559139785 0.04181818181818182 0.07526881720430108
0 0.610909090909091 0.5094086021505376 0.014545454545454545 0.024193548387096774
0 0.5009090909090909 0.4717741935483871 0.02727272727272727 0.051075268817204304
0 0.41545454545454547 0.45698924731182794 0.04909090909090909 0.07526881720430108
0 0.37545454545454543 0.46639784946236557 0.023636363636363636 0.0456989247311828
0 0.24454545454545454 0.4489247311827957 0.023636363636363636 0.043010752688172046
0 0.16 0.4422043010752688 0.02909090909090909 0.051075268817204304
0 0.03909090909090909 0.4327956989247312 0.034545454545454546 0.05913978494623656
