0 0.8377403846153846 0.5493975903614458 0.07932692307692307 0.10602409638554217
0 0.3713942307692308 0.5421686746987951 0.06971153846153846 0.07710843373493977
0 0.5384615384615384 0.553012048192771 0.07692307692307693 0.08433734939759036
0 0.2668269230769231 0.5301204819277109 0.0625 0.07710843373493977
0 0.7367788461538461 0.5012048192771085 0.05048076923076923 0.05783132530120482
0 0.8798076923076923 0.553012048192771 0.07211538461538461 0.0891566265060241
0 0.17548076923076922 0.516867469879518 0.057692307692307696 0.06506024096385542
0 0.6310096153846154 0.5120481927710844 0.04567307692307692 0.05542168674698795
0 0.3954326923076923 0.45542168674698796 0.036057692307692304 0.03855421686746988
0 0.44711538461538464 0.5060240963855421 0.038461538461538464 0.04819277108433735
0 0.5300480769230769 0.5048192771084338 0.040865384615384616 0.04096385542168675
