1 0.31666666666666665 0.567193675889328 0.015555555555555555 0.03162055335968379
1 0.555 0.47035573122529645 0.014444444444444444 0.02766798418972332
1 0.5294444444444445 0.40217391304347827 0.012222222222222223 0.025691699604743084
1 0.5716666666666667 0.4051383399209486 0.012222222222222223 0.02766798418972332
1 0.5827777777777777 0.39822134387351776 0.012222222222222223 0.029644268774703556
1 0.6205555555555555 0.4051383399209486 0.012222222222222223 0.023715415019762844
1 0.6655555555555556 0.44664031620553357 0.015555555555555555 0.03162055335968379
1 0.695 0.43379446640316205 0.014444444444444444 0.025691699604743084
1 0.7044444444444444 0.3893280632411067 0.013333333333333334 0.02766798418972332
1 0.6416666666666667 0.38735177865612647 0.012222222222222223 0.02766798418972332
