1 0.19110576923076922 0.27951807228915665 0.12259615384615384 0.13012048192771083
1 0.39663461538461536 0.25301204819277107 0.10576923076923077 0.07710843373493977
1 0.5216346153846154 0.3566265060240964 0.07692307692307693 0.10120481927710843
1 0.6057692307692307 0.36265060240963853 0.08173076923076923 0.1180722891566265
1 0.6838942307692307 0.3373493975903614 0.10817307692307693 0.1493975903614458
0 0.39903846153846156 0.3457831325301205 0.16346153846153846 0.17590361445783131
0 0.7175480769230769 0.5481927710843374 0.25721153846153844 0.29156626506024097
0 0.7776442307692307 0.3481927710843373 0.13221153846153846 0.16626506024096385
1 0.18990384615384615 0.060240963855421686 0.125 0.12048192771084337
1 0.39663461538461536 0.07951807228915662 0.10576923076923077 0.07710843373493977
1 0.5228365384615384 0.014457831325301205 0.07932692307692307 0.02891566265060241
1 0.6069711538461539 0.01566265060240964 0.08413461538461539 0.03132530120481928
1 0.6826923076923077 0.03614457831325301 0.11057692307692307 0.07228915662650602
0 0.40024038461538464 0.03855421686746988 0.1658653846153846 0.07710843373493977
0 0.7764423076923077 0.03493975903614458 0.1346153846153846 0.06987951807228916
