0 0.03365384615384615 0.5108433734939759 0.03365384615384615 0.043373493975903614
0 0.1141826923076923 0.5240963855421686 0.021634615384615384 0.02650602409638554
0 0.19230769230769232 0.5216867469879518 0.014423076923076924 0.02650602409638554
0 0.15264423076923078 0.5144578313253012 0.040865384615384616 0.05542168674698795
0 0.3004807692307692 0.4891566265060241 0.038461538461538464 0.05301204819277108
0 0.3473557692307692 0.4795180722891566 0.03125 0.03855421686746988
0 0.33052884615384615 0.4939759036144578 0.021634615384615384 0.033734939759036145
0 0.3870192307692308 0.4843373493975904 0.03365384615384615 0.033734939759036145
0 0.4495192307692308 0.4903614457831325 0.03365384615384615 0.04578313253012048
0 0.4951923076923077 0.4783132530120482 0.052884615384615384 0.06506024096385542
0 0.859375 0.4457831325301205 0.036057692307692304 0.043373493975903614
0 0.6526442307692307 0.45903614457831327 0.04567307692307692 0.05542168674698795
