1 0.5528846153846154 0.3506024096385542 0.0625 0.08433734939759036
1 0.4362980769230769 0.29397590361445786 0.08413461538461539 0.1108433734939759
1 0.2512019230769231 0.2433734939759036 0.11778846153846154 0.13975903614457832
1 0.7596153846153846 0.41807228915662653 0.04807692307692308 0.04096385542168675
1 0.6129807692307693 0.36626506024096384 0.057692307692307696 0.06746987951807229
1 0.7331730769230769 0.40481927710843374 0.0625 0.07228915662650602
1 0.8185096153846154 0.43855421686746987 0.026442307692307692 0.033734939759036145
1 0.7944711538461539 0.42168674698795183 0.026442307692307692 0.03855421686746988
1 0.8377403846153846 0.4397590361445783 0.021634615384615384 0.03132530120481928
1 0.5540865384615384 0.01325301204819277 0.06490384615384616 0.02650602409638554
1 0.43509615384615385 0.04819277108433735 0.08653846153846154 0.0963855421686747
1 0.2512019230769231 0.0891566265060241 0.11778846153846154 0.13975903614457832
