1 0.076 0.5435435435435435 0.06 0.09009009009009009
1 0.183 0.06306306306306306 0.058 0.1021021021021021
1 0.231 0.5645645645645646 0.054 0.08408408408408409
1 0.364 0.5690690690690691 0.028 0.04504504504504504
1 0.467 0.487987987987988 0.046 0.08708708708708708
1 0.691 0.503003003003003 0.058 0.09309309309309309
1 0.793 0.5135135135135135 0.018 0.03003003003003003
1 0.902 0.4924924924924925 0.044 0.07207207207207207
1 0.882 0.3183183183183183 0.044 0.06606606606606606
1 0.978 0.05555555555555555 0.04 0.06906906906906907
0 0.01 0.5645645645645646 0.016 0.042042042042042045
