1 0.16346153846153846 0.33653846153846156 0.07211538461538461 0.09134615384615384
1 0.27524038461538464 0.2848557692307692 0.1466346153846154 0.18028846153846154
1 0.36538461538461536 0.2932692307692308 0.07692307692307693 0.125
0 0.7439903846153846 0.25841346153846156 0.15144230769230768 0.17548076923076922
0 0.8978365384615384 0.296875 0.11298076923076923 0.10817307692307693
0 0.6069711538461539 0.2980769230769231 0.10336538461538461 0.12980769230769232
1 0.16466346153846154 0.021634615384615384 0.07451923076923077 0.04326923076923077
1 0.27403846153846156 0.06971153846153846 0.14903846153846154 0.13942307692307693
1 0.36658653846153844 0.051682692307692304 0.07932692307692307 0.10336538461538461
0 0.7427884615384616 0.08173076923076923 0.15384615384615385 0.16346153846153846
0 0.8966346153846154 0.04567307692307692 0.11538461538461539 0.09134615384615384
0 0.6057692307692307 0.05048076923076923 0.10576923076923077 0.10096153846153846
