1 0.07454545454545454 0.5683060109289617 0.06181818181818182 0.12021857923497267
1 0.7518181818181818 0.35792349726775957 0.02727272727272727 0.04918032786885246
1 0.6236363636363637 0.4931693989071038 0.05090909090909091 0.10655737704918032
1 0.8154545454545454 0.36475409836065575 0.023636363636363636 0.040983606557377046
0 0.1590909090909091 0.6461748633879781 0.07090909090909091 0.12295081967213115
0 0.3090909090909091 0.6038251366120219 0.06545454545454546 0.12568306010928962
0 0.4581818181818182 0.6420765027322405 0.06545454545454546 0.12021857923497267
0 0.4381818181818182 0.4808743169398907 0.03636363636363636 0.06557377049180328
0 0.46545454545454545 0.523224043715847 0.04727272727272727 0.09562841530054644
1 0.5354545454545454 0.5300546448087432 0.056363636363636366 0.09836065573770492
0 0.6236363636363637 0.6038251366120219 0.06545454545454546 0.12021857923497267
0 0.6981818181818182 0.4603825136612022 0.04 0.05191256830601093
0 0.6954545454545454 0.51775956284153 0.05272727272727273 0.09562841530054644
0 0.7763636363636364 0.5614754098360656 0.04727272727272727 0.09016393442622951
0 0.88 0.6243169398907104 0.07636363636363637 0.12295081967213115
0 0.9172727272727272 0.5409836065573771 0.06 0.09836065573770492
0 0.9836363636363636 0.45901639344262296 0.03272727272727273 0.07650273224043716
0 0.7909090909090909 0.4180327868852459 0.04 0.06557377049180328
