1 0.4074519230769231 0.30649038461538464 0.055288461538461536 0.07451923076923077
1 0.6117788461538461 0.2980769230769231 0.06971153846153846 0.09615384615384616
1 0.7019230769230769 0.3161057692307692 0.08173076923076923 0.09375
1 0.5576923076923077 0.2860576923076923 0.0625 0.07692307692307693
1 0.4831730769230769 0.296875 0.03365384615384615 0.040865384615384616
1 0.40625 0.013221153846153846 0.057692307692307696 0.026442307692307692
1 0.6105769230769231 0.02283653846153846 0.07211538461538461 0.04567307692307692
1 0.703125 0.013221153846153846 0.08413461538461539 0.026442307692307692
1 0.5588942307692307 0.02403846153846154 0.06490384615384616 0.04807692307692308
1 0.484375 0.009615384615384616 0.036057692307692304 0.019230769230769232
