1 0.1658653846153846 0.42289156626506025 0.0625 0.06987951807228916
1 0.3894230769230769 0.4530120481927711 0.03365384615384615 0.05301204819277108
1 0.22235576923076922 0.4457831325301205 0.04567307692307692 0.05783132530120482
1 0.2548076923076923 0.4493975903614458 0.03365384615384615 0.05542168674698795
1 0.2980769230769231 0.44819277108433736 0.038461538461538464 0.05783132530120482
0 0.328125 0.463855421686747 0.036057692307692304 0.04578313253012048
1 0.41947115384615385 0.4506024096385542 0.026442307692307692 0.04819277108433735
0 0.44591346153846156 0.45180722891566266 0.026442307692307692 0.04096385542168675
0 0.5805288461538461 0.44457831325301206 0.03125 0.04096385542168675
0 0.8653846153846154 0.43012048192771085 0.04326923076923077 0.05542168674698795
0 0.7680288461538461 0.42771084337349397 0.040865384615384616 0.04578313253012048
0 0.6478365384615384 0.45180722891566266 0.040865384615384616 0.05060240963855422
0 0.6790865384615384 0.42891566265060244 0.036057692307692304 0.043373493975903614
0 0.6081730769230769 0.4397590361445783 0.03365384615384615 0.04578313253012048
0 0.5600961538461539 0.4433734939759036 0.02403846153846154 0.033734939759036145
