0 0.9423076923076923 0.359375 0.0625 0.09375
0 0.06370192307692307 0.3629807692307692 0.06490384615384616 0.08653846153846154
0 0.7644230769230769 0.2920673076923077 0.0673076923076923 0.08413461538461539
0 0.30528846153846156 0.3245192307692308 0.0673076923076923 0.08173076923076923
0 0.18269230769230768 0.32091346153846156 0.0673076923076923 0.08413461538461539
0 0.36658653846153844 0.3076923076923077 0.055288461538461536 0.08173076923076923
0 0.8389423076923077 0.32091346153846156 0.057692307692307696 0.06490384615384616
0 0.2283653846153846 0.2704326923076923 0.057692307692307696 0.06971153846153846
0 0.8377403846153846 0.2512019230769231 0.055288461538461536 0.06009615384615385
0 0.47596153846153844 0.33533653846153844 0.057692307692307696 0.06009615384615385
0 0.5024038461538461 0.2860576923076923 0.052884615384615384 0.0673076923076923
0 0.42908653846153844 0.2620192307692308 0.04567307692307692 0.057692307692307696
0 0.6105769230769231 0.28365384615384615 0.0625 0.07692307692307693
0 0.6670673076923077 0.28365384615384615 0.05048076923076923 0.0673076923076923
0 0.7632211538461539 0.23076923076923078 0.040865384615384616 0.057692307692307696
0 0.8028846153846154 0.3894230769230769 0.0673076923076923 0.07211538461538461
0 0.22956730769230768 0.008413461538461538 0.06009615384615385 0.016826923076923076
0 0.8365384615384616 0.015625 0.057692307692307696 0.03125
0 0.42788461538461536 0.009615384615384616 0.04807692307692308 0.019230769230769232
0 0.7620192307692307 0.025240384615384616 0.04326923076923077 0.05048076923076923
