0 0.0625 0.44350961538461536 0.11057692307692307 0.11778846153846154
0 0.6334134615384616 0.390625 0.05048076923076923 0.055288461538461536
0 0.20552884615384615 0.375 0.05048076923076923 0.0625
0 0.6730769230769231 0.38461538461538464 0.038461538461538464 0.038461538461538464
0 0.07932692307692307 0.39302884615384615 0.07692307692307693 0.07932692307692307
0 0.17067307692307693 0.3858173076923077 0.052884615384615384 0.06490384615384616
0 0.9483173076923077 0.47475961538461536 0.07932692307692307 0.09375
0 0.3401442307692308 0.35697115384615385 0.03125 0.040865384615384616
0 0.44350961538461536 0.3641826923076923 0.036057692307692304 0.04567307692307692
0 0.5180288461538461 0.3701923076923077 0.036057692307692304 0.04807692307692308
0 0.8040865384615384 0.4230769230769231 0.06971153846153846 0.08173076923076923
0 0.06370192307692307 0.05889423076923077 0.11298076923076923 0.11778846153846154
0 0.6334134615384616 0.11177884615384616 0.05048076923076923 0.055288461538461536
0 0.20552884615384615 0.125 0.05048076923076923 0.0625
0 0.6730769230769231 0.11538461538461539 0.038461538461538464 0.038461538461538464
0 0.07932692307692307 0.109375 0.07692307692307693 0.07932692307692307
0 0.17067307692307693 0.11658653846153846 0.052884615384615384 0.06490384615384616
0 0.9471153846153846 0.037259615384615384 0.08173076923076923 0.07451923076923077
0 0.9471153846153846 0.9879807692307693 0.08173076923076923 0.019230769230769232
0 0.3401442307692308 0.14543269230769232 0.03125 0.040865384615384616
0 0.44350961538461536 0.13822115384615385 0.036057692307692304 0.04567307692307692
0 0.5180288461538461 0.12980769230769232 0.036057692307692304 0.04807692307692308
0 0.8040865384615384 0.07692307692307693 0.06971153846153846 0.08173076923076923
