1 0.6286057692307693 0.3506024096385542 0.06490384615384616 0.07951807228915662
1 0.5060096153846154 0.4963855421686747 0.09375 0.1108433734939759
1 0.3713942307692308 0.5036144578313253 0.06971153846153846 0.08674698795180723
1 0.23557692307692307 0.4 0.057692307692307696 0.06265060240963856
1 0.17548076923076922 0.19518072289156627 0.04807692307692308 0.05301204819277108
1 0.5588942307692307 0.4469879518072289 0.05048076923076923 0.060240963855421686
1 0.43990384615384615 0.2963855421686747 0.03365384615384615 0.043373493975903614
1 0.6274038461538461 0.012048192771084338 0.0673076923076923 0.024096385542168676
1 0.17548076923076922 0.13734939759036144 0.04807692307692308 0.05301204819277108
1 0.43990384615384615 0.03614457831325301 0.03365384615384615 0.043373493975903614
