0 0.035 0.4313304721030043 0.06714285714285714 0.15879828326180256
0 0.34285714285714286 0.4130901287553648 0.06 0.13090128755364808
0 0.5921428571428572 0.34549356223175964 0.047142857142857146 0.0815450643776824
0 0.5528571428571428 0.4742489270386266 0.037142857142857144 0.06866952789699571
0 0.6521428571428571 0.4002145922746781 0.03571428571428571 0.07939914163090128
0 0.6864285714285714 0.3937768240343348 0.03857142857142857 0.08798283261802575
0 0.7428571428571429 0.3937768240343348 0.04857142857142857 0.07510729613733906
0 0.7907142857142857 0.3197424892703863 0.041428571428571426 0.07296137339055794
0 0.895 0.3218884120171674 0.06142857142857143 0.11158798283261803
1 0.25 0.38626609442060084 0.054285714285714284 0.09012875536480687
1 0.3807142857142857 0.40879828326180256 0.032857142857142856 0.09656652360515021
