0 0.8389423076923077 0.578125 0.07211538461538461 0.06971153846153846
0 0.7463942307692307 0.6754807692307693 0.10336538461538461 0.125
0 0.6262019230769231 0.6057692307692307 0.06490384615384616 0.0625
0 0.46875 0.5997596153846154 0.057692307692307696 0.055288461538461536
0 0.4110576923076923 0.7067307692307693 0.07692307692307693 0.07692307692307693
0 0.17307692307692307 0.6610576923076923 0.09615384615384616 0.10096153846153846
0 0.026442307692307692 0.6790865384615384 0.04807692307692308 0.08413461538461539
0 0.019230769230769232 0.5889423076923077 0.03365384615384615 0.04807692307692308
0 0.11177884615384616 0.5853365384615384 0.04567307692307692 0.04567307692307692
0 0.30649038461538464 0.5985576923076923 0.04567307692307692 0.052884615384615384
0 0.3798076923076923 0.5913461538461539 0.04807692307692308 0.052884615384615384
0 0.18028846153846154 0.5877403846153846 0.04326923076923077 0.040865384615384616
