1 0.6514423076923077 0.3161057692307692 0.13942307692307693 0.18990384615384615
1 0.39783653846153844 0.31009615384615385 0.07451923076923077 0.08653846153846154
1 0.33774038461538464 0.31850961538461536 0.04567307692307692 0.055288461538461536
1 0.23197115384615385 0.3389423076923077 0.036057692307692304 0.038461538461538464
1 0.19471153846153846 0.31850961538461536 0.028846153846153848 0.03125
1 0.18028846153846154 0.3425480769230769 0.03365384615384615 0.03125
1 0.14182692307692307 0.3317307692307692 0.028846153846153848 0.02403846153846154
1 0.12620192307692307 0.34375 0.026442307692307692 0.028846153846153848
1 0.9771634615384616 0.2956730769230769 0.021634615384615384 0.028846153846153848
1 0.9362980769230769 0.3076923076923077 0.03125 0.03365384615384615
1 0.6526442307692307 0.06129807692307692 0.14182692307692307 0.12259615384615384
1 0.39663461538461536 0.038461538461538464 0.07692307692307693 0.07692307692307693
1 0.33653846153846156 0.026442307692307692 0.04807692307692308 0.052884615384615384
1 0.23076923076923078 0.01201923076923077 0.038461538461538464 0.02403846153846154
1 0.19471153846153846 0.025240384615384616 0.028846153846153848 0.03125
1 0.1814903846153846 0.008413461538461538 0.036057692307692304 0.016826923076923076
1 0.14302884615384615 0.01201923076923077 0.03125 0.02403846153846154
1 0.125 0.007211538461538462 0.028846153846153848 0.014423076923076924
1 0.9771634615384616 0.04567307692307692 0.021634615384615384 0.028846153846153848
1 0.9362980769230769 0.03365384615384615 0.03125 0.03365384615384615
