1 0.609375 0.30481927710843376 0.040865384615384616 0.06506024096385542
1 0.6790865384615384 0.3240963855421687 0.036057692307692304 0.05060240963855422
1 0.7403846153846154 0.3253012048192771 0.04326923076923077 0.05301204819277108
1 0.4651442307692308 0.3216867469879518 0.040865384615384616 0.05060240963855422
1 0.3016826923076923 0.327710843373494 0.040865384615384616 0.05301204819277108
1 0.4050480769230769 0.3216867469879518 0.040865384615384616 0.05060240963855422
1 0.6081730769230769 0.03132530120481928 0.04326923076923077 0.06265060240963856
1 0.6778846153846154 0.018072289156626505 0.038461538461538464 0.03614457831325301
1 0.7415865384615384 0.018072289156626505 0.04567307692307692 0.03614457831325301
1 0.4639423076923077 0.01927710843373494 0.04326923076923077 0.03855421686746988
1 0.3004807692307692 0.016867469879518072 0.04326923076923077 0.033734939759036145
1 0.40384615384615385 0.01927710843373494 0.04326923076923077 0.03855421686746988
