1 0.05615384615384615 0.3833718244803695 0.038461538461538464 0.08314087759815242
1 0.09307692307692307 0.37759815242494227 0.038461538461538464 0.07159353348729793
1 0.13076923076923078 0.3683602771362587 0.043076923076923075 0.09006928406466513
1 0.21461538461538462 0.371824480369515 0.04153846153846154 0.07852193995381063
1 0.3892307692307692 0.3672055427251732 0.046153846153846156 0.08775981524249422
1 0.5007692307692307 0.3672055427251732 0.038461538461538464 0.07852193995381063
1 0.2746153846153846 0.3279445727482679 0.08153846153846153 0.16166281755196305
0 0.31846153846153846 0.394919168591224 0.018461538461538463 0.02771362586605081
0 0.3515384615384615 0.37759815242494227 0.03230769230769231 0.06235565819861432
0 0.45076923076923076 0.3683602771362587 0.046153846153846156 0.09006928406466513
0 0.546923076923077 0.32909930715935337 0.05692307692307692 0.09930715935334873
0 0.5930769230769231 0.3741339491916859 0.038461538461538464 0.06004618937644342
0 0.6569230769230769 0.37644341801385683 0.05846153846153846 0.10161662817551963
1 0.6538461538461539 0.31755196304849886 0.06153846153846154 0.07159353348729793
0 0.7615384615384615 0.3648960739030023 0.08615384615384615 0.12933025404157045
1 0.8430769230769231 0.39838337182448036 0.024615384615384615 0.06235565819861432
1 0.8638461538461538 0.34757505773672054 0.05076923076923077 0.12702078521939955
1 0.9053846153846153 0.3672055427251732 0.07230769230769231 0.12471131639722864
1 0.9707692307692307 0.3083140877598152 0.05846153846153846 0.19168591224018475
