1 0.7908653846153846 0.3963855421686747 0.14903846153846154 0.16626506024096385
1 0.4579326923076923 0.3096385542168675 0.12740384615384615 0.1710843373493976
1 0.8197115384615384 0.5590361445783133 0.25 0.29397590361445786
1 0.5288461538461539 0.35903614457831323 0.17307692307692307 0.1783132530120482
1 0.21754807692307693 0.4469879518072289 0.4014423076923077 0.41204819277108434
1 0.421875 0.6614457831325301 0.28125 0.28674698795180725
1 0.4567307692307692 0.05542168674698795 0.12980769230769232 0.1108433734939759
1 0.5300480769230769 0.03253012048192771 0.17548076923076922 0.06506024096385542
1 0.21634615384615385 0.046987951807228916 0.40384615384615385 0.09397590361445783
1 0.4206730769230769 0.9301204819277108 0.28365384615384615 0.13493975903614458
