1 0.6947115384615384 0.5734939759036145 0.18269230769230768 0.15903614457831325
1 0.8846153846153846 0.5024096385542168 0.07211538461538461 0.07951807228915662
1 0.7067307692307693 0.45542168674698796 0.0625 0.05301204819277108
1 0.5997596153846154 0.43734939759036146 0.05048076923076923 0.05060240963855422
1 0.5228365384615384 0.41204819277108434 0.03125 0.033734939759036145
1 0.4411057692307692 0.40843373493975904 0.026442307692307692 0.03132530120481928
1 0.6959134615384616 0.9578313253012049 0.18509615384615385 0.07951807228915662
1 0.5985576923076923 0.00963855421686747 0.052884615384615384 0.01927710843373494
1 0.5228365384615384 0.016867469879518072 0.03125 0.033734939759036145
1 0.4411057692307692 0.02289156626506024 0.026442307692307692 0.03132530120481928
