1 0.057692307692307696 0.46274038461538464 0.038461538461538464 0.04567307692307692
1 0.07932692307692307 0.45552884615384615 0.03365384615384615 0.055288461538461536
1 0.15384615384615385 0.4795673076923077 0.052884615384615384 0.05048076923076923
1 0.5408653846153846 0.4483173076923077 0.03365384615384615 0.040865384615384616
1 0.6490384615384616 0.43149038461538464 0.03365384615384615 0.040865384615384616
1 0.9495192307692307 0.43149038461538464 0.03365384615384615 0.04567307692307692
1 0.8533653846153846 0.4375 0.03365384615384615 0.04326923076923077
1 0.7608173076923077 0.42908653846153844 0.03125 0.04567307692307692
1 0.7271634615384616 0.4375 0.03125 0.04326923076923077
1 0.6802884615384616 0.44591346153846156 0.03365384615384615 0.040865384615384616
1 0.9879807692307693 0.43509615384615385 0.019230769230769232 0.04807692307692308
