0 0.20636363636363636 0.42493946731234866 0.04181818181818182 0.06053268765133172
0 0.2927272727272727 0.4539951573849879 0.06181818181818182 0.07990314769975787
0 0.37 0.4491525423728814 0.04181818181818182 0.06053268765133172
0 0.41 0.43946731234866826 0.034545454545454546 0.06053268765133172
0 0.4572727272727273 0.45278450363196127 0.038181818181818185 0.05811138014527845
0 0.5009090909090909 0.47094430992736075 0.03090909090909091 0.05569007263922518
0 0.5709090909090909 0.4600484261501211 0.04727272727272727 0.06779661016949153
0 0.6027272727272728 0.45641646489104115 0.034545454545454546 0.06053268765133172
0 0.6645454545454546 0.463680387409201 0.034545454545454546 0.06053268765133172
0 0.7809090909090909 0.4854721549636804 0.07090909090909091 0.09927360774818401
0 0.8490909090909091 0.5121065375302664 0.05090909090909091 0.07990314769975787
0 0.9654545454545455 0.49031476997578693 0.04727272727272727 0.07506053268765134
