1 0.6802884615384616 0.3641826923076923 0.08173076923076923 0.0985576923076923
1 0.7572115384615384 0.41947115384615385 0.08173076923076923 0.10817307692307693
1 0.5853365384615384 0.44591346153846156 0.06971153846153846 0.0889423076923077
1 0.125 0.4338942307692308 0.057692307692307696 0.06971153846153846
1 0.39663461538461536 0.4050480769230769 0.057692307692307696 0.07451923076923077
1 0.27163461538461536 0.42427884615384615 0.057692307692307696 0.06490384615384616
1 0.5300480769230769 0.40384615384615385 0.05048076923076923 0.0673076923076923
1 0.33653846153846156 0.42908653846153844 0.04807692307692308 0.06009615384615385
1 0.4831730769230769 0.41346153846153844 0.038461538461538464 0.04807692307692308
1 0.06009615384615385 0.4495192307692308 0.03365384615384615 0.04326923076923077
1 0.6802884615384616 0.051682692307692304 0.08173076923076923 0.0985576923076923
1 0.7584134615384616 0.025240384615384616 0.08413461538461539 0.05048076923076923
1 0.12620192307692307 0.008413461538461538 0.06009615384615385 0.016826923076923076
1 0.39783653846153844 0.02403846153846154 0.06009615384615385 0.04807692307692308
1 0.27283653846153844 0.01201923076923077 0.06009615384615385 0.02403846153846154
1 0.5288461538461539 0.02283653846153846 0.052884615384615384 0.04567307692307692
1 0.33774038461538464 0.008413461538461538 0.05048076923076923 0.016826923076923076
1 0.484375 0.013221153846153846 0.040865384615384616 0.026442307692307692
