1 0.06541666666666666 0.4656679151061174 0.020833333333333332 0.02746566791510612
1 0.18166666666666667 0.6485642946317104 0.04666666666666667 0.0686641697877653
1 0.19083333333333333 0.4787765293383271 0.028333333333333332 0.04369538077403246
1 0.2704166666666667 0.46504369538077406 0.020833333333333332 0.033707865168539325
1 0.7475 0.46192259675405745 0.05 0.07990012484394507
1 0.5533333333333333 0.49875156054931336 0.015 0.031210986267166042
1 0.5270833333333333 0.50187265917603 0.010833333333333334 0.017478152309612985
1 0.58 0.5 0.008333333333333333 0.01373283395755306
1 0.5945833333333334 0.5037453183520599 0.0075 0.011235955056179775
1 0.6354166666666666 0.5012484394506866 0.009166666666666667 0.016229712858926344
1 0.5816666666666667 0.5580524344569289 0.015 0.024968789013732832
