0 0.1925 0.545625 0.03833333333333333 0.07375
0 0.018333333333333333 0.483125 0.03333333333333333 0.10375
0 0.22041666666666668 0.526875 0.024166666666666666 0.04375
0 0.3125 0.54875 0.02 0.0325
0 0.3775 0.52625 0.018333333333333333 0.035
0 0.3475 0.539375 0.03833333333333333 0.06625
0 0.44 0.57625 0.04833333333333333 0.0825
0 0.5258333333333334 0.55625 0.03833333333333333 0.0725
0 0.6129166666666667 0.575 0.03916666666666667 0.0775
0 0.6441666666666667 0.559375 0.015 0.02375
0 0.6904166666666667 0.559375 0.0125 0.02375
0 0.70625 0.569375 0.0125 0.02375
0 0.7195833333333334 0.555625 0.015833333333333335 0.02875
0 0.6620833333333334 0.563125 0.010833333333333334 0.01875
0 0.67625 0.563125 0.010833333333333334 0.01875
0 0.5766666666666667 0.555 0.01 0.0175
0 0.7558333333333334 0.525 0.051666666666666666 0.095
0 0.8225 0.553125 0.03666666666666667 0.07625
0 0.8795833333333334 0.581875 0.0175 0.03375
0 0.885 0.56375 0.011666666666666667 0.02
0 0.85875 0.57125 0.015833333333333335 0.0275
0 0.9091666666666667 0.588125 0.018333333333333333 0.03375
0 0.9445833333333333 0.575625 0.015833333333333335 0.02875
0 0.9775 0.5675 0.016666666666666666 0.0325
