1 0.7175480769230769 0.3545673076923077 0.07932692307692307 0.09375
1 0.3088942307692308 0.3641826923076923 0.0985576923076923 0.0889423076923077
1 0.5877403846153846 0.33653846153846156 0.04567307692307692 0.057692307692307696
1 0.5600961538461539 0.328125 0.028846153846153848 0.040865384615384616
1 0.6286057692307693 0.33653846153846156 0.040865384615384616 0.057692307692307696
1 0.4651442307692308 0.3557692307692308 0.021634615384615384 0.03365384615384615
0 0.9495192307692307 0.3389423076923077 0.028846153846153848 0.03365384615384615
1 0.6694711538461539 0.3389423076923077 0.026442307692307692 0.038461538461538464
1 0.7163461538461539 0.013221153846153846 0.08173076923076923 0.026442307692307692
1 0.5865384615384616 0.013221153846153846 0.04807692307692308 0.026442307692307692
1 0.5612980769230769 0.013221153846153846 0.03125 0.026442307692307692
1 0.6274038461538461 0.013221153846153846 0.04326923076923077 0.026442307692307692
0 0.9507211538461539 0.006009615384615385 0.03125 0.01201923076923077
1 0.6682692307692307 0.007211538461538462 0.028846153846153848 0.014423076923076924
