1 0.24278846153846154 0.4457831325301205 0.10096153846153846 0.10602409638554217
1 0.46274038461538464 0.41807228915662653 0.05048076923076923 0.06987951807228916
1 0.4230769230769231 0.44216867469879517 0.03365384615384615 0.04096385542168675
1 0.3317307692307692 0.4506024096385542 0.03365384615384615 0.02891566265060241
1 0.5877403846153846 0.43132530120481927 0.06971153846153846 0.06746987951807229
1 0.6646634615384616 0.44457831325301206 0.04567307692307692 0.060240963855421686
1 0.8004807692307693 0.4469879518072289 0.08173076923076923 0.09397590361445783
1 0.7295673076923077 0.46265060240963857 0.03125 0.043373493975903614
1 0.49759615384615385 0.42771084337349397 0.03365384615384615 0.05542168674698795
1 0.5444711538461539 0.4457831325301205 0.021634615384615384 0.033734939759036145
