1 0.6204819277108434 0.6947115384615384 0.05060240963855422 0.0625
0 0.21927710843373494 0.71875 0.024096385542168676 0.04807692307692308
0 0.24819277108433735 0.7427884615384616 0.02891566265060241 0.038461538461538464
0 0.3228915662650602 0.7307692307692307 0.043373493975903614 0.04326923076923077
0 0.43734939759036146 0.734375 0.03614457831325301 0.036057692307692304
0 0.7180722891566265 0.7355769230769231 0.04819277108433735 0.052884615384615384
0 0.7530120481927711 0.7055288461538461 0.04096385542168675 0.04567307692307692
0 0.6518072289156627 0.7091346153846154 0.03614457831325301 0.04326923076923077
0 0.5433734939759036 0.7067307692307693 0.03614457831325301 0.04326923076923077
0 0.5855421686746988 0.7055288461538461 0.033734939759036145 0.04567307692307692
0 0.4674698795180723 0.7211538461538461 0.03855421686746988 0.038461538461538464
0 0.38674698795180723 0.7247596153846154 0.04096385542168675 0.04567307692307692
1 0.9722891566265061 0.6947115384615384 0.05060240963855422 0.0625
0 0.19036144578313252 0.71875 0.024096385542168676 0.04807692307692308
0 0.1614457831325301 0.7427884615384616 0.02891566265060241 0.038461538461538464
0 0.08674698795180723 0.7307692307692307 0.043373493975903614 0.04326923076923077
0 0.8722891566265061 0.7355769230769231 0.04819277108433735 0.052884615384615384
0 0.8397590361445784 0.7055288461538461 0.04096385542168675 0.04567307692307692
0 0.9409638554216867 0.7091346153846154 0.03614457831325301 0.04326923076923077
0 0.9927710843373494 0.7043269230769231 0.00963855421686747 0.04807692307692308
0 0.02530120481927711 0.7247596153846154 0.04096385542168675 0.04567307692307692
