0 0.12139423076923077 0.29156626506024097 0.21875 0.2457831325301205
0 0.8401442307692307 0.35542168674698793 0.17548076923076922 0.19036144578313252
0 0.6923076923076923 0.336144578313253 0.10576923076923077 0.14216867469879518
0 0.36778846153846156 0.3457831325301205 0.07692307692307693 0.1180722891566265
0 0.5132211538461539 0.35542168674698793 0.07932692307692307 0.1180722891566265
0 0.1201923076923077 0.08313253012048193 0.22115384615384615 0.16626506024096385
0 0.8389423076923077 0.03734939759036145 0.1778846153846154 0.0746987951807229
0 0.6935096153846154 0.03493975903614458 0.10817307692307693 0.06987951807228916
0 0.36899038461538464 0.024096385542168676 0.07932692307692307 0.04819277108433735
0 0.5120192307692307 0.01927710843373494 0.08173076923076923 0.03855421686746988
