1 0.8966346153846154 0.30843373493975906 0.08173076923076923 0.09156626506024096
1 0.6875 0.2819277108433735 0.08173076923076923 0.10602409638554217
1 0.4543269230769231 0.3156626506024096 0.07211538461538461 0.08674698795180723
1 0.3076923076923077 0.3301204819277108 0.08173076923076923 0.10120481927710843
1 0.3545673076923077 0.3204819277108434 0.06971153846153846 0.11566265060240964
1 0.8978365384615384 0.03614457831325301 0.08413461538461539 0.07228915662650602
1 0.6887019230769231 0.05301204819277108 0.08413461538461539 0.10602409638554217
1 0.45552884615384615 0.03132530120481928 0.07451923076923077 0.06265060240963856
1 0.3088942307692308 0.027710843373493974 0.08413461538461539 0.05542168674698795
1 0.35336538461538464 0.03614457831325301 0.07211538461538461 0.07228915662650602
