0 0.8810096153846154 0.41686746987951806 0.08413461538461539 0.08674698795180723
0 0.6502403846153846 0.41445783132530123 0.055288461538461536 0.07228915662650602
0 0.5360576923076923 0.42891566265060244 0.0625 0.07228915662650602
0 0.7704326923076923 0.41325301204819276 0.06009615384615385 0.06506024096385542
0 0.59375 0.42891566265060244 0.04807692307692308 0.06265060240963856
0 0.3125 0.42289156626506025 0.04807692307692308 0.06506024096385542
0 0.18990384615384615 0.44096385542168676 0.052884615384615384 0.06746987951807229
0 0.026442307692307692 0.46265060240963857 0.04807692307692308 0.07228915662650602
0 0.2644230769230769 0.4457831325301205 0.04807692307692308 0.05783132530120482
0 0.3485576923076923 0.43493975903614457 0.04326923076923077 0.05542168674698795
0 0.4050480769230769 0.42771084337349397 0.040865384615384616 0.04578313253012048
0 0.9675480769230769 0.41566265060240964 0.03125 0.04578313253012048
0 0.6850961538461539 0.41927710843373495 0.03365384615384615 0.04819277108433735
0 0.7223557692307693 0.42409638554216866 0.03125 0.04819277108433735
0 0.8798076923076923 0.03614457831325301 0.08653846153846154 0.07228915662650602
0 0.6490384615384616 0.033734939759036145 0.057692307692307696 0.06746987951807229
0 0.5372596153846154 0.02650602409638554 0.06490384615384616 0.05301204819277108
0 0.7692307692307693 0.03253012048192771 0.0625 0.06506024096385542
0 0.5949519230769231 0.024096385542168676 0.05048076923076923 0.04819277108433735
0 0.3137019230769231 0.027710843373493974 0.05048076923076923 0.05542168674698795
0 0.19110576923076922 0.01927710843373494 0.055288461538461536 0.03855421686746988
0 0.027644230769230768 0.00963855421686747 0.05048076923076923 0.01927710843373494
0 0.265625 0.014457831325301205 0.05048076923076923 0.02891566265060241
0 0.34975961538461536 0.01927710843373494 0.04567307692307692 0.03855421686746988
0 0.40384615384615385 0.020481927710843374 0.04326923076923077 0.04096385542168675
0 0.9675480769230769 0.030120481927710843 0.03125 0.04578313253012048
0 0.6850961538461539 0.024096385542168676 0.03365384615384615 0.04819277108433735
0 0.7211538461538461 0.02289156626506024 0.03365384615384615 0.04578313253012048
