1 0.44350961538461536 0.45180722891566266 0.06009615384615385 0.07951807228915662
1 0.9302884615384616 0.536144578313253 0.0673076923076923 0.06506024096385542
1 0.14302884615384615 0.4530120481927711 0.04567307692307692 0.04819277108433735
1 0.5552884615384616 0.4578313253012048 0.057692307692307696 0.05301204819277108
1 0.7548076923076923 0.46987951807228917 0.028846153846153848 0.033734939759036145
1 0.7295673076923077 0.42771084337349397 0.021634615384615384 0.021686746987951807
1 0.31850961538461536 0.43132530120481927 0.05048076923076923 0.04819277108433735
1 0.2644230769230769 0.4759036144578313 0.04326923076923077 0.05542168674698795
1 0.4098557692307692 0.4566265060240964 0.026442307692307692 0.04096385542168675
1 0.609375 0.4433734939759036 0.03125 0.033734939759036145
1 0.3858173076923077 0.42168674698795183 0.021634615384615384 0.02891566265060241
1 0.5084134615384616 0.42650602409638555 0.021634615384615384 0.01927710843373494
0 0.07932692307692307 0.4566265060240964 0.04807692307692308 0.06506024096385542
0 0.6225961538461539 0.4650602409638554 0.04326923076923077 0.05301204819277108
0 0.4951923076923077 0.4506024096385542 0.028846153846153848 0.033734939759036145
0 0.7956730769230769 0.42891566265060244 0.014423076923076924 0.01927710843373494
1 0.6646634615384616 0.41204819277108434 0.016826923076923076 0.024096385542168676
1 0.6334134615384616 0.38072289156626504 0.021634615384615384 0.024096385542168676
