0 0.07051282051282051 0.38221153846153844 0.038461538461538464 0.0625
0 0.1346153846153846 0.23317307692307693 0.02564102564102564 0.04326923076923077
1 0.02564102564102564 0.5913461538461539 0.04487179487179487 0.17307692307692307
1 0.13942307692307693 0.47596153846153844 0.060897435897435896 0.10576923076923077
1 0.1762820512820513 0.37259615384615385 0.038461538461538464 0.0625
1 0.5801282051282052 0.35336538461538464 0.03205128205128205 0.052884615384615384
1 0.6137820512820513 0.38221153846153844 0.035256410256410256 0.07211538461538461
1 0.6426282051282052 0.4831730769230769 0.08653846153846154 0.1201923076923077
1 0.7211538461538461 0.5793269230769231 0.10897435897435898 0.15865384615384615
1 0.6794871794871795 0.35336538461538464 0.03205128205128205 0.0625
1 0.7307692307692307 0.38221153846153844 0.04487179487179487 0.08173076923076923
1 0.8012820512820513 0.41586538461538464 0.05128205128205128 0.09134615384615384
1 0.8541666666666666 0.37740384615384615 0.05448717948717949 0.08173076923076923
1 0.9182692307692307 0.3605769230769231 0.041666666666666664 0.0673076923076923
1 0.9759615384615384 0.3870192307692308 0.04807692307692308 0.08173076923076923
1 0.9503205128205128 0.5408653846153846 0.09294871794871795 0.16826923076923078
1 0.4791666666666667 0.4735576923076923 0.0673076923076923 0.10096153846153846
1 0.48878205128205127 0.625 0.09294871794871795 0.18269230769230768
1 0.32211538461538464 0.4567307692307692 0.08012820512820513 0.11538461538461539
1 0.38461538461538464 0.41586538461538464 0.05128205128205128 0.08173076923076923
1 0.2724358974358974 0.37740384615384615 0.038461538461538464 0.07211538461538461
1 0.3125 0.3629807692307692 0.035256410256410256 0.0625
1 0.23717948717948717 0.5745192307692307 0.12179487179487179 0.1778846153846154
1 0.49198717948717946 0.33413461538461536 0.041666666666666664 0.0625
