1 0.6808333333333333 0.5188916876574308 0.018333333333333333 0.03526448362720403
1 0.5666666666666667 0.5340050377833753 0.05333333333333334 0.0906801007556675
1 0.4725 0.6675062972292192 0.035 0.04534005037783375
0 0.4575 0.5604534005037783 0.03166666666666667 0.05793450881612091
0 0.4008333333333333 0.5251889168765743 0.021666666666666667 0.037783375314861464
1 0.36666666666666664 0.5138539042821159 0.023333333333333334 0.04030226700251889
0 0.375 0.552896725440806 0.03666666666666667 0.06297229219143577
1 0.31666666666666665 0.5138539042821159 0.02 0.03526448362720403
1 0.33 0.5428211586901763 0.03333333333333333 0.06297229219143577
1 0.20333333333333334 0.5478589420654912 0.043333333333333335 0.07304785894206549
0 0.8958333333333334 0.5062972292191436 0.04833333333333333 0.0906801007556675
