0 0.20909090909090908 0.3280871670702179 0.04 0.07506053268765134
1 0.19090909090909092 0.5157384987893463 0.06181818181818182 0.09200968523002422
1 0.32181818181818184 0.48426150121065376 0.05454545454545454 0.08232445520581114
1 0.3181818181818182 0.5544794188861986 0.05818181818181818 0.08232445520581114
1 0.3018181818181818 0.5980629539951574 0.06545454545454546 0.09685230024213075
1 0.42818181818181816 0.5484261501210653 0.04909090909090909 0.0847457627118644
1 0.4709090909090909 0.5556900726392252 0.05818181818181818 0.0847457627118644
1 0.5054545454545455 0.45883777239709445 0.04363636363636364 0.07990314769975787
1 0.5963636363636363 0.4576271186440678 0.05090909090909091 0.08232445520581114
1 0.6736363636363636 0.45641646489104115 0.04181818181818182 0.07506053268765134
1 0.7518181818181818 0.3196125907990315 0.06363636363636363 0.10653753026634383
1 0.8063636363636364 0.3474576271186441 0.056363636363636366 0.08958837772397095
