1 0.18269230769230768 0.5036144578313253 0.052884615384615384 0.05783132530120482
1 0.3269230769230769 0.4951807228915663 0.03365384615384615 0.03614457831325301
1 0.375 0.4951807228915663 0.02403846153846154 0.03614457831325301
1 0.49038461538461536 0.4783132530120482 0.03365384615384615 0.04578313253012048
1 0.5901442307692307 0.4771084337349398 0.036057692307692304 0.04819277108433735
1 0.703125 0.4710843373493976 0.040865384615384616 0.05542168674698795
1 0.8641826923076923 0.44096385542168676 0.04567307692307692 0.05783132530120482
1 0.7367788461538461 0.4578313253012048 0.04567307692307692 0.05783132530120482
1 0.8076923076923077 0.4674698795180723 0.03365384615384615 0.04819277108433735
1 0.27283653846153844 0.4734939759036145 0.04567307692307692 0.05060240963855422
1 0.37740384615384615 0.4746987951807229 0.03365384615384615 0.02891566265060241
