1 0.808433734939759 0.5108433734939759 0.02650602409638554 0.033734939759036145
1 0.7734939759036145 0.5253012048192771 0.024096385542168676 0.02891566265060241
1 0.7012048192771084 0.5156626506024097 0.024096385542168676 0.02891566265060241
1 0.6024096385542169 0.5180722891566265 0.024096385542168676 0.024096385542168676
1 0.5819277108433735 0.5204819277108433 0.016867469879518072 0.024096385542168676
1 0.4674698795180723 0.5156626506024097 0.024096385542168676 0.02891566265060241
1 0.40481927710843374 0.5325301204819277 0.03855421686746988 0.05301204819277108
1 0.38795180722891565 0.5228915662650603 0.02891566265060241 0.04819277108433735
1 0.3686746987951807 0.5108433734939759 0.01927710843373494 0.02891566265060241
1 0.344578313253012 0.5180722891566265 0.01927710843373494 0.024096385542168676
1 0.8686746987951808 0.5108433734939759 0.02650602409638554 0.033734939759036145
1 0.9012048192771084 0.5253012048192771 0.024096385542168676 0.02891566265060241
1 0.9734939759036144 0.5156626506024097 0.024096385542168676 0.02891566265060241
