1 0.9096153846153846 0.2460136674259681 0.05 0.09567198177676538
1 0.7833333333333333 0.3815489749430524 0.03333333333333333 0.04783599088838269
1 0.6679487179487179 0.3792710706150342 0.03333333333333333 0.06605922551252848
1 0.6333333333333333 0.37813211845102507 0.035897435897435895 0.06378132118451026
1 0.7185897435897436 0.3917995444191344 0.03461538461538462 0.06378132118451026
1 0.24166666666666667 0.4043280182232346 0.05512820512820513 0.11161731207289294
1 0.20448717948717948 0.46583143507972663 0.04487179487179487 0.07061503416856492
1 0.3544871794871795 0.44760820045558086 0.06282051282051282 0.1252847380410023
1 0.06538461538461539 0.5250569476082004 0.06923076923076923 0.13895216400911162
1 0.16794871794871793 0.5261958997722096 0.03333333333333333 0.05922551252847381
1 0.17435897435897435 0.47380410022779046 0.028205128205128206 0.05011389521640091
1 0.06474358974358975 0.33712984054669703 0.03461538461538462 0.07289293849658314
0 0.4724358974358974 0.3735763097949886 0.04230769230769231 0.09567198177676538
1 0.5506410256410257 0.36674259681093396 0.04487179487179487 0.08656036446469248
1 0.5871794871794872 0.3906605922551253 0.02564102564102564 0.05239179954441914
