0 0.06845238095238096 0.5618386243386243 0.12251984126984126 0.19047619047619047
0 0.09474206349206349 0.43617724867724866 0.08035714285714286 0.12301587301587301
0 0.2507440476190476 0.5472883597883598 0.11706349206349206 0.15145502645502645
0 0.2508680555555556 0.4312169312169312 0.078125 0.08928571428571429
0 0.3244047619047619 0.42146164021164023 0.06597222222222222 0.09623015873015874
0 0.4165426587301587 0.4947089947089947 0.09250992063492064 0.13624338624338625
0 0.5111607142857143 0.45171957671957674 0.07738095238095238 0.12037037037037036
0 0.41381448412698413 0.4001322751322751 0.061755952380952384 0.0873015873015873
0 0.3665674603174603 0.3619378306878307 0.05704365079365079 0.08101851851851852
0 0.4600694444444444 0.35400132275132273 0.032242063492063495 0.05125661375661376
0 0.5111607142857143 0.33548280423280424 0.027777777777777776 0.045965608465608467
0 0.556671626984127 0.36044973544973546 0.03298611111111111 0.05026455026455026
0 0.6168154761904762 0.4652777777777778 0.05555555555555555 0.09325396825396826
0 0.6723710317460317 0.45353835978835977 0.05109126984126984 0.09226190476190477
0 0.6475694444444444 0.37648809523809523 0.04365079365079365 0.06845238095238096
0 0.6803075396825397 0.37351190476190477 0.0248015873015873 0.049933862433862435
0 0.6010664682539683 0.35896164021164023 0.028521825396825396 0.03935185185185185
0 0.6197916666666666 0.3609457671957672 0.017857142857142856 0.03736772486772487
0 0.17410714285714285 0.3698743386243386 0.040674603174603176 0.07506613756613757
0 0.21999007936507936 0.3759920634920635 0.05704365079365079 0.09325396825396826
0 0.28149801587301587 0.3708664021164021 0.05109126984126984 0.07308201058201058
0 0.3792162698412698 0.2681878306878307 0.042162698412698416 0.062169312169312166
0 0.31274801587301587 0.31828703703703703 0.021825396825396824 0.036044973544973546
0 0.2931547619047619 0.3073743386243386 0.018849206349206348 0.0419973544973545
0 0.2767857142857143 0.3073743386243386 0.018849206349206348 0.03802910052910053
0 0.25384424603174605 0.31183862433862436 0.02703373015873016 0.04298941798941799
0 0.2312748015873016 0.296957671957672 0.019593253968253968 0.031084656084656083
0 0.21242559523809523 0.28720238095238093 0.021081349206349208 0.03009259259259259
0 0.1943204365079365 0.2962962962962963 0.02554563492063492 0.04034391534391534
0 0.17447916666666666 0.3189484126984127 0.04290674603174603 0.05324074074074074
0 0.13913690476190477 0.25363756613756616 0.032242063492063495 0.04497354497354497
0 0.16468253968253968 0.27232142857142855 0.017361111111111112 0.022156084656084655
0 0.08320932539682539 0.36755952380952384 0.061755952380952384 0.0882936507936508
0 0.017361111111111112 0.296792328042328 0.032242063492063495 0.05720899470899471
0 0.012152777777777778 0.33382936507936506 0.021825396825396824 0.06117724867724868
0 0.051215277777777776 0.2447089947089947 0.031001984126984128 0.03902116402116402
0 0.01029265873015873 0.25363756613756616 0.018105158730158732 0.037037037037037035
0 0.09188988095238096 0.32142857142857145 0.04439484126984127 0.0582010582010582
0 0.09250992063492064 0.2923280423280423 0.03670634920634921 0.04431216931216931
0 0.7284226190476191 0.39351851851851855 0.03373015873015873 0.052248677248677246
0 0.7250744047619048 0.3548280423280423 0.02554563492063492 0.037037037037037035
0 0.7678571428571429 0.38756613756613756 0.040674603174603176 0.06018518518518518
0 0.7991071428571429 0.39599867724867727 0.032242063492063495 0.05919312169312169
0 0.8231646825396826 0.3890542328042328 0.027777777777777776 0.05919312169312169
0 0.8498263888888888 0.3804563492063492 0.021081349206349208 0.04794973544973545
0 0.8650793650793651 0.37648809523809523 0.021825396825396824 0.040013227513227514
0 0.8831845238095238 0.37202380952380953 0.0248015873015873 0.046957671957671955
0 0.9064980158730159 0.373015873015873 0.021825396825396824 0.03505291005291005
0 0.9264632936507936 0.3740079365079365 0.016617063492063492 0.03505291005291005
0 0.9455605158730159 0.3559854497354497 0.01711309523809524 0.0248015873015873
0 0.4167906746031746 0.33035714285714285 0.028521825396825396 0.04828042328042328
0 0.4337797619047619 0.32688492063492064 0.020337301587301588 0.04332010582010582
0 0.5348462301587301 0.2693452380952381 0.019593253968253968 0.03009259259259259
0 0.5130208333333334 0.2837301587301587 0.013640873015873016 0.021164021164021163
0 0.478546626984127 0.26173941798941797 0.015128968253968254 0.026785714285714284
