1 0.8629807692307693 0.5132211538461539 0.125 0.13221153846153846
1 0.0733173076923077 0.48677884615384615 0.12740384615384615 0.13701923076923078
1 0.7548076923076923 0.5420673076923077 0.07692307692307693 0.0889423076923077
1 0.5721153846153846 0.5649038461538461 0.10576923076923077 0.1346153846153846
1 0.16105769230769232 0.546875 0.10576923076923077 0.10817307692307693
1 0.9591346153846154 0.5793269230769231 0.07211538461538461 0.15384615384615385
1 0.6862980769230769 0.53125 0.055288461538461536 0.08653846153846154
1 0.4855769230769231 0.5444711538461539 0.04326923076923077 0.06009615384615385
1 0.5384615384615384 0.5108173076923077 0.04807692307692308 0.07451923076923077
1 0.6526442307692307 0.5396634615384616 0.040865384615384616 0.07932692307692307
