1 0.714622641509434 0.7928870292887029 0.17452830188679244 0.25523012552301255
1 0.7287735849056604 0.25 0.09276729559748427 0.15690376569037656
1 0.565251572327044 0.3043933054393305 0.04874213836477988 0.08158995815899582
1 0.5267295597484277 0.33263598326359833 0.0440251572327044 0.08786610878661087
1 0.4944968553459119 0.2928870292887029 0.0330188679245283 0.058577405857740586
1 0.4418238993710692 0.301255230125523 0.0440251572327044 0.07531380753138076
1 0.41352201257861637 0.34205020920502094 0.05345911949685535 0.08577405857740586
1 0.3121069182389937 0.27405857740585776 0.06132075471698113 0.10460251046025104
1 0.34276729559748426 0.25523012552301255 0.0440251572327044 0.10460251046025104
1 0.28852201257861637 0.35251046025104604 0.08018867924528301 0.12343096234309624
1 0.20125786163522014 0.3158995815899582 0.09748427672955975 0.17573221757322174
1 0.2319182389937107 0.551255230125523 0.1871069182389937 0.27405857740585776
1 0.07311320754716981 0.35564853556485354 0.13364779874213836 0.23430962343096234
