1 0.1045673076923077 0.30120481927710846 0.09375 0.11566265060240964
1 0.4855769230769231 0.3578313253012048 0.04807692307692308 0.06987951807228916
1 0.7692307692307693 0.3240963855421687 0.057692307692307696 0.06987951807228916
1 0.3701923076923077 0.3457831325301205 0.057692307692307696 0.06987951807228916
1 0.6009615384615384 0.3506024096385542 0.04807692307692308 0.060240963855421686
1 0.6935096153846154 0.3566265060240964 0.040865384615384616 0.05783132530120482
1 0.10336538461538461 0.04578313253012048 0.09615384615384616 0.09156626506024096
1 0.7704326923076923 0.02289156626506024 0.06009615384615385 0.04578313253012048
1 0.3713942307692308 0.012048192771084338 0.06009615384615385 0.024096385542168676
1 0.6021634615384616 0.007228915662650603 0.05048076923076923 0.014457831325301205
