0 0.06 0.765 0.11666666666666667 0.225
0 0.12 0.6425 0.14 0.205
0 0.11166666666666666 0.525 0.06666666666666667 0.095
0 0.17666666666666667 0.4925 0.06 0.1
0 0.2075 0.60625 0.085 0.1425
0 0.24666666666666667 0.57375 0.07 0.1375
0 0.29083333333333333 0.54 0.058333333333333334 0.11
0 0.5133333333333333 0.67375 0.11 0.1975
0 0.4166666666666667 0.85125 0.21666666666666667 0.2625
0 0.43916666666666665 0.64375 0.06833333333333333 0.1125
0 0.43833333333333335 0.50375 0.04 0.0775
0 0.5416666666666666 0.485 0.05 0.07
0 0.5425 0.535 0.051666666666666666 0.09
0 0.49583333333333335 0.53875 0.06166666666666667 0.0775
0 0.6058333333333333 0.53 0.045 0.085
0 0.6358333333333334 0.54875 0.051666666666666666 0.0775
0 0.6591666666666667 0.505 0.041666666666666664 0.06
0 0.6891666666666667 0.54625 0.075 0.1025
0 0.6666666666666666 0.62625 0.07333333333333333 0.1275
0 0.7333333333333333 0.635 0.08 0.15
0 0.8125 0.62875 0.11833333333333333 0.1975
0 0.7741666666666667 0.5325 0.06833333333333333 0.09
0 0.7475 0.34875 0.045 0.0725
0 0.9208333333333333 0.7125 0.125 0.24
0 0.8875 0.56875 0.06833333333333333 0.1075
0 0.9325 0.57 0.06166666666666667 0.115
