0 0.2991666666666667 0.4448621553884712 0.04833333333333333 0.09774436090225563
0 0.37583333333333335 0.5802005012531328 0.055 0.09273182957393483
0 0.3933333333333333 0.4824561403508772 0.05 0.09273182957393483
0 0.48583333333333334 0.5012531328320802 0.051666666666666666 0.09022556390977443
0 0.48583333333333334 0.5889724310776943 0.051666666666666666 0.09022556390977443
0 0.5616666666666666 0.4974937343358396 0.04666666666666667 0.07769423558897243
0 0.6366666666666667 0.49874686716791977 0.04666666666666667 0.08020050125313283
0 0.7116666666666667 0.5087719298245614 0.03666666666666667 0.07518796992481203
0 0.7683333333333333 0.5213032581453634 0.05 0.08020050125313283
0 0.5858333333333333 0.600250626566416 0.051666666666666666 0.09273182957393483
0 0.685 0.5664160401002506 0.05333333333333334 0.10025062656641603
0 0.7925 0.5952380952380952 0.04833333333333333 0.08771929824561403
0 0.8341666666666666 0.48621553884711777 0.045 0.08020050125313283
0 0.9208333333333333 0.5037593984962406 0.045 0.08020050125313283
0 0.88 0.575187969924812 0.05333333333333334 0.08771929824561403
0 0.9683333333333334 0.5964912280701754 0.043333333333333335 0.08521303258145363
