1 0.9283333333333333 0.8557422969187675 0.016666666666666666 0.03081232492997199
1 0.84 0.7633053221288515 0.016666666666666666 0.036414565826330535
1 0.9608333333333333 0.5280112044817927 0.018333333333333333 0.03081232492997199
1 0.8941666666666667 0.42997198879551823 0.015 0.03081232492997199
1 0.83 0.42296918767507 0.013333333333333334 0.028011204481792718
1 0.7966666666666666 0.5084033613445378 0.016666666666666666 0.03081232492997199
1 0.7558333333333334 0.38235294117647056 0.018333333333333333 0.03081232492997199
1 0.74 0.4215686274509804 0.013333333333333334 0.025210084033613446
1 0.6958333333333333 0.4523809523809524 0.015 0.03081232492997199
1 0.6358333333333334 0.45938375350140054 0.015 0.028011204481792718
1 0.73 0.6008403361344538 0.013333333333333334 0.03081232492997199
1 0.6916666666666667 0.30392156862745096 0.016666666666666666 0.025210084033613446
1 0.6433333333333333 0.33753501400560226 0.013333333333333334 0.025210084033613446
1 0.6033333333333334 0.3403361344537815 0.013333333333333334 0.025210084033613446
1 0.7425 0.3585434173669468 0.015 0.028011204481792718
1 0.635 0.36554621848739494 0.013333333333333334 0.025210084033613446
1 0.6466666666666666 0.39775910364145656 0.013333333333333334 0.022408963585434174
1 0.4975 0.26750700280112044 0.011666666666666667 0.025210084033613446
1 0.4583333333333333 0.2689075630252101 0.013333333333333334 0.028011204481792718
1 0.4866666666666667 0.5168067226890757 0.013333333333333334 0.025210084033613446
1 0.43666666666666665 0.5868347338935574 0.013333333333333334 0.025210084033613446
1 0.4275 0.5476190476190477 0.015 0.03081232492997199
1 0.4475 0.47198879551820727 0.015 0.03081232492997199
1 0.39166666666666666 0.46218487394957986 0.013333333333333334 0.022408963585434174
1 0.37083333333333335 0.5322128851540616 0.015 0.028011204481792718
1 0.3441666666666667 0.5868347338935574 0.015 0.03081232492997199
1 0.33666666666666667 0.5182072829131653 0.013333333333333334 0.022408963585434174
1 0.32 0.44537815126050423 0.013333333333333334 0.028011204481792718
1 0.36333333333333334 0.3319327731092437 0.013333333333333334 0.025210084033613446
1 0.20583333333333334 0.4173669467787115 0.015 0.028011204481792718
1 0.18916666666666668 0.6428571428571429 0.015 0.03081232492997199
1 0.09333333333333334 0.7633053221288515 0.016666666666666666 0.03081232492997199
1 0.030833333333333334 0.38375350140056025 0.015 0.028011204481792718
1 0.3933333333333333 0.3067226890756303 0.013333333333333334 0.025210084033613446
1 0.37833333333333335 0.3795518207282913 0.013333333333333334 0.025210084033613446
1 0.36583333333333334 0.4411764705882353 0.015 0.025210084033613446
1 0.22916666666666666 0.3165266106442577 0.015 0.028011204481792718
0 0.5491666666666667 0.05182072829131653 0.011666666666666667 0.0196078431372549
