1 0.06333333333333334 0.39090909090909093 0.03866666666666667 0.07727272727272727
1 0.832 0.36818181818181817 0.034666666666666665 0.08636363636363636
0 0.74 0.39886363636363636 0.032 0.07045454545454545
0 0.7193333333333334 0.36363636363636365 0.030666666666666665 0.06363636363636363
0 0.7046666666666667 0.40795454545454546 0.036 0.0659090909090909
0 0.6466666666666666 0.39545454545454545 0.029333333333333333 0.06818181818181818
0 0.614 0.4068181818181818 0.03333333333333333 0.07272727272727272
0 0.598 0.38977272727272727 0.028 0.06136363636363636
0 0.5206666666666667 0.3715909090909091 0.03333333333333333 0.0659090909090909
0 0.43466666666666665 0.39886363636363636 0.032 0.06136363636363636
0 0.36733333333333335 0.4340909090909091 0.03333333333333333 0.06363636363636363
0 0.2986666666666667 0.41704545454545455 0.034666666666666665 0.07045454545454545
0 0.22133333333333333 0.3840909090909091 0.037333333333333336 0.06818181818181818
0 0.15133333333333332 0.4193181818181818 0.030666666666666665 0.0659090909090909
