1 0.551 0.22372372372372373 0.082 0.15915915915915915
1 0.729 0.26426426426426425 0.062 0.12012012012012012
1 0.684 0.3108108108108108 0.04 0.08708708708708708
1 0.639 0.2927927927927928 0.042 0.08708708708708708
1 0.776 0.2912912912912913 0.048 0.1021021021021021
1 0.836 0.3213213213213213 0.052 0.0960960960960961
1 0.933 0.3183183183183183 0.05 0.0960960960960961
1 0.35 0.3078078078078078 0.036 0.07507507507507508
1 0.268 0.3033033033033033 0.032 0.07807807807807808
1 0.234 0.2897897897897898 0.048 0.10510510510510511
1 0.315 0.3183183183183183 0.038 0.07807807807807808
1 0.382 0.2852852852852853 0.044 0.09009009009009009
1 0.492 0.3138138138138138 0.04 0.08708708708708708
1 0.607 0.30930930930930933 0.034 0.06606606606606606
1 0.188 0.32882882882882886 0.036 0.06306306306306306
