1 0.44416666666666665 0.27125 0.08833333333333333 0.1875
1 0.12 0.26875 0.07666666666666666 0.1575
1 0.2783333333333333 0.295 0.043333333333333335 0.09
1 0.3575 0.31375 0.03833333333333333 0.0775
1 0.5008333333333334 0.29125 0.03166666666666667 0.0825
1 0.5766666666666667 0.26625 0.03666666666666667 0.0825
1 0.6566666666666666 0.2975 0.02666666666666667 0.065
1 0.7391666666666666 0.27375 0.03166666666666667 0.0675
1 0.7633333333333333 0.29875 0.04 0.0825
1 0.8216666666666667 0.29 0.05 0.09
1 0.9858333333333333 0.32625 0.028333333333333332 0.1175
1 0.20833333333333334 0.33875 0.1 0.1625
1 0.056666666666666664 0.26875 0.06333333333333334 0.1125
1 0.5258333333333334 0.2825 0.028333333333333332 0.065
1 0.9216666666666666 0.3275 0.09 0.15
1 0.6841666666666667 0.28 0.045 0.095
