1 0.2674698795180723 0.53125 0.033734939759036145 0.04326923076923077
1 0.5108433734939759 0.5480769230769231 0.033734939759036145 0.04326923076923077
1 0.472289156626506 0.5564903846153846 0.033734939759036145 0.03125
1 0.5590361445783133 0.5612980769230769 0.033734939759036145 0.05048076923076923
1 0.6180722891566265 0.5456730769230769 0.03614457831325301 0.03365384615384615
1 0.6421686746987951 0.5396634615384616 0.021686746987951807 0.040865384615384616
1 0.6903614457831325 0.037259615384615384 0.02650602409638554 0.03125
1 0.3253012048192771 0.5372596153846154 0.024096385542168676 0.026442307692307692
1 0.06506024096385542 0.53125 0.033734939759036145 0.04326923076923077
1 0.9819277108433735 0.037259615384615384 0.02650602409638554 0.03125
1 0.010843373493975903 0.5360576923076923 0.021686746987951807 0.028846153846153848
