1 0.26322115384615385 0.4903614457831325 0.036057692307692304 0.04578313253012048
1 0.3737980769230769 0.491566265060241 0.021634615384615384 0.02891566265060241
1 0.39903846153846156 0.4879518072289157 0.03365384615384615 0.04578313253012048
1 0.4411057692307692 0.4819277108433735 0.03125 0.043373493975903614
1 0.4855769230769231 0.4867469879518072 0.03365384615384615 0.043373493975903614
1 0.5408653846153846 0.4746987951807229 0.02403846153846154 0.033734939759036145
1 0.5661057692307693 0.4759036144578313 0.026442307692307692 0.04578313253012048
1 0.6057692307692307 0.4686746987951807 0.038461538461538464 0.05542168674698795
1 0.7043269230769231 0.46626506024096387 0.03365384615384615 0.04578313253012048
1 0.7463942307692307 0.45903614457831327 0.040865384615384616 0.060240963855421686
