0 0.1788154897494305 0.456 0.05922551252847381 0.112
0 0.22095671981776766 0.371 0.05011389521640091 0.102
0 0.2642369020501139 0.211 0.02050113895216401 0.046
0 0.33029612756264237 0.281 0.025056947608200455 0.05
0 0.3445330296127563 0.263 0.0193621867881549 0.042
0 0.42425968109339407 0.277 0.023917995444191344 0.042
0 0.41287015945330297 0.223 0.02164009111617312 0.042
0 0.40660592255125283 0.193 0.018223234624145785 0.03
0 0.4379271070615034 0.228 0.02619589977220957 0.044
0 0.4498861047835991 0.186 0.015945330296127564 0.044
0 0.4510250569476082 0.158 0.018223234624145785 0.032
0 0.46583143507972663 0.158 0.015945330296127564 0.036
0 0.46867881548974943 0.199 0.02164009111617312 0.038
0 0.48006833712984054 0.136 0.012528473804100227 0.028
0 0.5039863325740319 0.18 0.02164009111617312 0.044
0 0.5341685649202733 0.209 0.02733485193621868 0.054
0 0.5250569476082004 0.141 0.018223234624145785 0.034
0 0.5535307517084282 0.151 0.018223234624145785 0.034
0 0.5580865603644647 0.117 0.015945330296127564 0.034
0 0.5888382687927107 0.127 0.02050113895216401 0.042
0 0.6560364464692483 0.084 0.015945330296127564 0.036
0 0.6964692482915718 0.072 0.0193621867881549 0.032
0 0.6890660592255126 0.102 0.01366742596810934 0.032
0 0.6799544419134397 0.161 0.022779043280182234 0.05
0 0.6156036446469249 0.236 0.02847380410022779 0.048
0 0.6514806378132119 0.251 0.025056947608200455 0.05
0 0.4783599088838269 0.328 0.0387243735763098 0.08
0 0.7107061503416856 0.282 0.02733485193621868 0.056
0 0.7682232346241458 0.269 0.02847380410022779 0.058
0 0.7215261958997722 0.165 0.0193621867881549 0.042
0 0.7072892938496583 0.148 0.02050113895216401 0.036
0 0.7374715261958997 0.151 0.017084282460136675 0.042
0 0.7465831435079726 0.112 0.014806378132118452 0.036
0 0.7488610478359908 0.175 0.0193621867881549 0.038
0 0.7904328018223234 0.19 0.018223234624145785 0.04
0 0.8041002277904328 0.134 0.015945330296127564 0.028
0 0.8507972665148064 0.184 0.018223234624145785 0.036
0 0.8633257403189066 0.226 0.018223234624145785 0.048
