0 0.6198694029850746 0.4511938202247191 0.033582089552238806 0.059691011235955056
0 0.4916044776119403 0.4606741573033708 0.024720149253731342 0.04073033707865169
0 0.43330223880597013 0.4511938202247191 0.024253731343283583 0.04845505617977528
0 0.4201259328358209 0.4748946629213483 0.030083955223880597 0.0586376404494382
0 0.3773320895522388 0.45593398876404495 0.03031716417910448 0.05301966292134831
0 0.369169776119403 0.48384831460674155 0.03824626865671642 0.06741573033707865
0 0.3355876865671642 0.47945926966292135 0.03031716417910448 0.0586376404494382
0 0.17397388059701493 0.45962078651685395 0.04057835820895522 0.07092696629213484
0 0.205107276119403 0.4745435393258427 0.024953358208955223 0.05231741573033708
0 0.21513526119402984 0.46365870786516855 0.02355410447761194 0.047401685393258425
0 0.06040111940298507 0.4468047752808989 0.036380597014925374 0.05793539325842697
0 0.09514925373134328 0.461376404494382 0.02751865671641791 0.046348314606741575
0 0.1396921641791045 0.48349719101123595 0.03311567164179104 0.04985955056179775
0 0.03136660447761194 0.48490168539325845 0.056669776119402986 0.10042134831460674
0 0.8102845149253731 0.4058988764044944 0.060867537313432835 0.09550561797752809
0 0.8765158582089553 0.45646067415730335 0.03801305970149254 0.06320224719101124
0 0.9274720149253731 0.42872191011235955 0.07882462686567164 0.13553370786516855
