1 0.2848557692307692 0.38461538461538464 0.14182692307692307 0.19230769230769232
1 0.6814903846153846 0.3425480769230769 0.17067307692307693 0.2091346153846154
1 0.47836538461538464 0.40384615384615385 0.08173076923076923 0.11057692307692307
1 0.03485576923076923 0.4699519230769231 0.06490384615384616 0.11778846153846154
1 0.8629807692307693 0.40024038461538464 0.09615384615384616 0.12259615384615384
1 0.9459134615384616 0.39903846153846156 0.10336538461538461 0.14903846153846154
1 0.5757211538461539 0.42427884615384615 0.11778846153846154 0.14182692307692307
1 0.2091346153846154 0.37740384615384615 0.08653846153846154 0.15384615384615385
1 0.28365384615384615 0.02283653846153846 0.14423076923076922 0.04567307692307692
1 0.6802884615384616 0.04807692307692308 0.17307692307692307 0.09615384615384616
1 0.21033653846153846 0.016826923076923076 0.0889423076923077 0.03365384615384615
