1 0.8305288461538461 0.3325301204819277 0.1466346153846154 0.1493975903614458
1 0.6634615384615384 0.2493975903614458 0.09615384615384616 0.1180722891566265
1 0.08413461538461539 0.3746987951807229 0.07692307692307693 0.0891566265060241
1 0.16947115384615385 0.38795180722891565 0.05048076923076923 0.05783132530120482
1 0.4675480769230769 0.2457831325301205 0.05048076923076923 0.06746987951807229
1 0.5384615384615384 0.2746987951807229 0.052884615384615384 0.04819277108433735
1 0.8293269230769231 0.03855421686746988 0.14903846153846154 0.07710843373493977
1 0.6634615384615384 0.0855421686746988 0.09615384615384616 0.1180722891566265
1 0.4675480769230769 0.08674698795180723 0.05048076923076923 0.06746987951807229
1 0.5384615384615384 0.05783132530120482 0.052884615384615384 0.04819277108433735
