1 0.22956730769230768 0.30408653846153844 0.0889423076923077 0.11778846153846154
1 0.17548076923076922 0.31850961538461536 0.0673076923076923 0.0889423076923077
1 0.2956730769230769 0.33052884615384615 0.0673076923076923 0.09375
1 0.6983173076923077 0.2824519230769231 0.0889423076923077 0.12259615384615384
1 0.765625 0.3076923076923077 0.07451923076923077 0.11538461538461539
1 0.2283653846153846 0.03245192307692308 0.09134615384615384 0.06490384615384616
1 0.17668269230769232 0.018028846153846152 0.06971153846153846 0.036057692307692304
1 0.296875 0.013221153846153846 0.06971153846153846 0.026442307692307692
1 0.6971153846153846 0.04447115384615385 0.09134615384615384 0.0889423076923077
1 0.7644230769230769 0.030048076923076924 0.07692307692307693 0.06009615384615385
