1 0.8641826923076923 0.27951807228915665 0.08413461538461539 0.10120481927710843
1 0.5673076923076923 0.25060240963855424 0.08173076923076923 0.09156626506024096
1 0.9723557692307693 0.27228915662650605 0.05048076923076923 0.0819277108433735
1 0.8209134615384616 0.28433734939759037 0.06009615384615385 0.0819277108433735
1 0.49399038461538464 0.42168674698795183 0.13221153846153846 0.14457831325301204
1 0.21394230769230768 0.38674698795180723 0.057692307692307696 0.060240963855421686
1 0.5588942307692307 0.3421686746987952 0.05048076923076923 0.06265060240963856
1 0.7163461538461539 0.2855421686746988 0.03365384615384615 0.05542168674698795
1 0.8641826923076923 0.05301204819277108 0.08413461538461539 0.10120481927710843
1 0.5673076923076923 0.0819277108433735 0.08173076923076923 0.09156626506024096
1 0.9723557692307693 0.060240963855421686 0.05048076923076923 0.0819277108433735
1 0.8209134615384616 0.04819277108433735 0.06009615384615385 0.0819277108433735
1 0.5576923076923077 0.012048192771084338 0.052884615384615384 0.024096385542168676
1 0.7163461538461539 0.04939759036144578 0.03365384615384615 0.05542168674698795
