1 0.046 0.5555555555555556 0.028 0.05405405405405406
1 0.094 0.5345345345345346 0.028 0.06006006006006006
1 0.415 0.4594594594594595 0.05 0.1021021021021021
1 0.129 0.5855855855855856 0.03 0.04804804804804805
1 0.169 0.5330330330330331 0.038 0.06906906906906907
1 0.281 0.5315315315315315 0.042 0.07807807807807808
1 0.327 0.493993993993994 0.046 0.08708708708708708
1 0.515 0.45345345345345345 0.05 0.09009009009009009
1 0.602 0.5330330330330331 0.032 0.06906906906906907
1 0.642 0.47297297297297297 0.044 0.08708708708708708
1 0.802 0.4099099099099099 0.06 0.09309309309309309
