1 0.18028846153846154 0.47475961538461536 0.0625 0.06971153846153846
1 0.3125 0.48197115384615385 0.057692307692307696 0.06971153846153846
1 0.23197115384615385 0.4651442307692308 0.05048076923076923 0.06490384615384616
1 0.5204326923076923 0.4651442307692308 0.04567307692307692 0.06009615384615385
1 0.40865384615384615 0.4567307692307692 0.052884615384615384 0.0673076923076923
0 0.06129807692307692 0.5024038461538461 0.03125 0.038461538461538464
0 0.125 0.4891826923076923 0.02403846153846154 0.03125
1 0.6454326923076923 0.46875 0.040865384615384616 0.0673076923076923
1 0.6887019230769231 0.46274038461538464 0.04567307692307692 0.055288461538461536
0 0.9423076923076923 0.4795673076923077 0.04326923076923077 0.06009615384615385
0 0.7307692307692307 0.484375 0.03365384615384615 0.040865384615384616
