1 0.28405797101449276 0.6459694989106753 0.02318840579710145 0.04139433551198257
1 0.3934782608695652 0.6394335511982571 0.021739130434782608 0.05010893246187364
1 0.3536231884057971 0.6623093681917211 0.014492753623188406 0.026143790849673203
1 0.4920289855072464 0.6710239651416122 0.013043478260869565 0.026143790849673203
1 0.6181159420289855 0.6209150326797386 0.021739130434782608 0.04793028322440087
1 0.6891304347826087 0.6612200435729847 0.013043478260869565 0.023965141612200435
1 0.7036231884057971 0.6568627450980392 0.013043478260869565 0.0196078431372549
1 0.7427536231884058 0.6492374727668845 0.010144927536231883 0.02178649237472767
1 0.7942028985507247 0.6557734204793029 0.014492753623188406 0.026143790849673203
1 0.46956521739130436 0.6579520697167756 0.017391304347826087 0.030501089324618737
1 0.427536231884058 0.6492374727668845 0.02318840579710145 0.04793028322440087
1 0.32318840579710145 0.644880174291939 0.02318840579710145 0.04793028322440087
