1 0.5793269230769231 0.5276442307692307 0.11057692307692307 0.15625
1 0.5733173076923077 0.2848557692307692 0.06971153846153846 0.08413461538461539
1 0.46033653846153844 0.4675480769230769 0.10336538461538461 0.11298076923076923
1 0.453125 0.24639423076923078 0.055288461538461536 0.07451923076923077
1 0.44350961538461536 0.4266826923076923 0.06971153846153846 0.07932692307692307
1 0.546875 0.42788461538461536 0.0985576923076923 0.0673076923076923
1 0.49158653846153844 0.375 0.0889423076923077 0.0625
1 0.46153846153846156 0.31971153846153844 0.057692307692307696 0.07211538461538461
1 0.4855769230769231 0.06610576923076923 0.04807692307692308 0.06490384615384616
1 0.5408653846153846 0.35216346153846156 0.052884615384615384 0.08413461538461539
