1 0.094375 0.6335227272727273 0.03375 0.0625
1 0.23375 0.4583333333333333 0.025 0.045454545454545456
1 0.58375 0.5018939393939394 0.0225 0.045454545454545456
1 0.62125 0.4640151515151515 0.0175 0.030303030303030304
1 0.659375 0.3996212121212121 0.01625 0.030303030303030304
1 0.696875 0.32954545454545453 0.01375 0.026515151515151516
1 0.75125 0.4678030303030303 0.02 0.03787878787878788
1 0.7025 0.6619318181818182 0.0225 0.04734848484848485
1 0.73625 0.7395833333333334 0.04 0.08522727272727272
1 0.65375 0.709280303030303 0.04 0.07007575757575757
