0 0.9748134328358209 0.7061781609195402 0.016791044776119403 0.027298850574712645
0 0.9393656716417911 0.7399425287356322 0.014925373134328358 0.028735632183908046
0 0.9053171641791045 0.709051724137931 0.01585820895522388 0.03017241379310345
1 0.8736007462686567 0.6795977011494253 0.01585820895522388 0.028735632183908046
0 0.8428171641791045 0.7449712643678161 0.01585820895522388 0.027298850574712645
0 0.8381529850746269 0.6853448275862069 0.01585820895522388 0.02586206896551724
1 0.8115671641791045 0.7162356321839081 0.016791044776119403 0.03017241379310345
0 0.784981343283582 0.7183908045977011 0.013992537313432836 0.028735632183908046
0 0.7667910447761194 0.7004310344827587 0.013059701492537313 0.02442528735632184
0 0.7472014925373134 0.7464080459770115 0.014925373134328358 0.02442528735632184
0 0.7308768656716418 0.6875 0.013992537313432836 0.027298850574712645
0 0.7136194029850746 0.7169540229885057 0.014925373134328358 0.028735632183908046
0 0.6935634328358209 0.6853448275862069 0.013992537313432836 0.02586206896551724
0 0.6553171641791045 0.6666666666666666 0.017723880597014924 0.028735632183908046
0 0.6198694029850746 0.7112068965517241 0.013992537313432836 0.028735632183908046
0 0.6035447761194029 0.6781609195402298 0.016791044776119403 0.028735632183908046
0 0.6161380597014925 0.6070402298850575 0.01585820895522388 0.03017241379310345
0 0.5867537313432836 0.5890804597701149 0.016791044776119403 0.028735632183908046
0 0.5825559701492538 0.7155172413793104 0.013992537313432836 0.028735632183908046
0 0.5480410447761194 0.7097701149425287 0.01585820895522388 0.02586206896551724
0 0.5167910447761194 0.7183908045977011 0.014925373134328358 0.02586206896551724
0 0.4986007462686567 0.6580459770114943 0.01585820895522388 0.028735632183908046
0 0.48507462686567165 0.7025862068965517 0.016791044776119403 0.02586206896551724
0 0.4631529850746269 0.6896551724137931 0.013992537313432836 0.028735632183908046
0 0.3885261194029851 0.6199712643678161 0.01585820895522388 0.027298850574712645
0 0.42723880597014924 0.6257183908045977 0.013059701492537313 0.02442528735632184
0 0.4295708955223881 0.6688218390804598 0.013992537313432836 0.02442528735632184
0 0.416044776119403 0.7076149425287356 0.013059701492537313 0.02442528735632184
1 0.4566231343283582 0.7241379310344828 0.01585820895522388 0.028735632183908046
0 0.3218283582089552 0.6501436781609196 0.014925373134328358 0.02442528735632184
0 0.3162313432835821 0.5021551724137931 0.014925373134328358 0.027298850574712645
0 0.3204291044776119 0.45545977011494254 0.013992537313432836 0.02586206896551724
0 0.291044776119403 0.5589080459770115 0.016791044776119403 0.028735632183908046
0 0.3003731343283582 0.6522988505747126 0.016791044776119403 0.028735632183908046
1 0.30923507462686567 0.7435344827586207 0.01958955223880597 0.033045977011494254
1 0.35494402985074625 0.7492816091954023 0.01958955223880597 0.033045977011494254
1 0.4006529850746269 0.5675287356321839 0.01585820895522388 0.028735632183908046
0 0.10354477611940298 0.680316091954023 0.014925373134328358 0.02442528735632184
0 0.14085820895522388 0.6702586206896551 0.014925373134328358 0.02442528735632184
0 0.12313432835820895 0.6364942528735632 0.013059701492537313 0.022988505747126436
0 0.1767723880597015 0.6903735632183908 0.012126865671641791 0.02442528735632184
1 0.2332089552238806 0.7227011494252874 0.018656716417910446 0.028735632183908046
1 0.18423507462686567 0.6264367816091954 0.013992537313432836 0.028735632183908046
0 0.17024253731343283 0.5797413793103449 0.012126865671641791 0.02442528735632184
0 0.19962686567164178 0.49353448275862066 0.014925373134328358 0.027298850574712645
0 0.21921641791044777 0.5265804597701149 0.016791044776119403 0.027298850574712645
0 0.25513059701492535 0.5079022988505747 0.01585820895522388 0.02442528735632184
0 0.21361940298507462 0.38362068965517243 0.014925373134328358 0.02586206896551724
0 0.17397388059701493 0.3886494252873563 0.01585820895522388 0.02442528735632184
0 0.09188432835820895 0.29022988505747127 0.013992537313432836 0.022988505747126436
1 0.24580223880597016 0.3800287356321839 0.017723880597014924 0.033045977011494254
1 0.05503731343283582 0.6896551724137931 0.018656716417910446 0.028735632183908046
0 0.024253731343283583 0.6192528735632183 0.018656716417910446 0.031609195402298854
