1 0.7067307692307693 0.4375 0.0673076923076923 0.10096153846153846
1 0.5913461538461539 0.46033653846153844 0.0625 0.0889423076923077
1 0.22355769230769232 0.4206730769230769 0.07211538461538461 0.09615384615384616
1 0.07211538461538461 0.46033653846153844 0.08173076923076923 0.09375
1 0.9122596153846154 0.4411057692307692 0.06971153846153846 0.0985576923076923
1 0.3269230769230769 0.42908653846153844 0.09134615384615384 0.10817307692307693
1 0.7644230769230769 0.45913461538461536 0.04326923076923077 0.08173076923076923
1 0.4891826923076923 0.44350961538461536 0.0889423076923077 0.11778846153846154
1 0.6466346153846154 0.4326923076923077 0.052884615384615384 0.07692307692307693
1 0.5492788461538461 0.42427884615384615 0.055288461538461536 0.09375
1 0.7932692307692307 0.46033653846153844 0.038461538461538464 0.07451923076923077
