0 0.734375 0.27590361445783135 0.07932692307692307 0.07951807228915662
0 0.5889423076923077 0.29156626506024097 0.07211538461538461 0.0963855421686747
0 0.9002403846153846 0.3096385542168675 0.0985576923076923 0.12289156626506025
0 0.5096153846153846 0.3036144578313253 0.057692307692307696 0.07228915662650602
0 0.8521634615384616 0.3 0.06490384615384616 0.10361445783132531
0 0.7247596153846154 0.35903614457831323 0.08413461538461539 0.1108433734939759
0 0.43509615384615385 0.3204819277108434 0.052884615384615384 0.06746987951807229
0 0.35216346153846156 0.3156626506024096 0.06009615384615385 0.05783132530120482
0 0.17548076923076922 0.3265060240963855 0.038461538461538464 0.06506024096385542
0 0.2704326923076923 0.3337349397590361 0.04567307692307692 0.06506024096385542
0 0.055288461538461536 0.30843373493975906 0.04807692307692308 0.05783132530120482
0 0.09975961538461539 0.3349397590361446 0.036057692307692304 0.04819277108433735
0 0.15144230769230768 0.3216867469879518 0.028846153846153848 0.05542168674698795
0 0.5673076923076923 0.3397590361445783 0.04326923076923077 0.06265060240963856
0 0.6418269230769231 0.30120481927710846 0.04326923076923077 0.07710843373493977
0 0.734375 0.05903614457831325 0.07932692307692307 0.07951807228915662
0 0.5901442307692307 0.04578313253012048 0.07451923076923077 0.09156626506024096
0 0.8990384615384616 0.043373493975903614 0.10096153846153846 0.08674698795180723
0 0.5108173076923077 0.033734939759036145 0.06009615384615385 0.06746987951807229
0 0.8509615384615384 0.043373493975903614 0.0673076923076923 0.08674698795180723
0 0.7235576923076923 0.01566265060240964 0.08653846153846154 0.03132530120481928
0 0.4362980769230769 0.024096385542168676 0.055288461538461536 0.04819277108433735
0 0.35096153846153844 0.024096385542168676 0.0625 0.04819277108433735
0 0.17668269230769232 0.020481927710843374 0.040865384615384616 0.04096385542168675
0 0.2692307692307692 0.016867469879518072 0.04807692307692308 0.033734939759036145
0 0.056490384615384616 0.027710843373493974 0.05048076923076923 0.05542168674698795
0 0.0985576923076923 0.012048192771084338 0.038461538461538464 0.024096385542168676
0 0.15264423076923078 0.020481927710843374 0.03125 0.04096385542168675
0 0.5685096153846154 0.01325301204819277 0.04567307692307692 0.02650602409638554
0 0.6430288461538461 0.03614457831325301 0.04567307692307692 0.07228915662650602
