0 0.16484375 0.33541666666666664 0.0703125 0.12083333333333333
0 0.0625 0.3375 0.01875 0.029166666666666667
0 0.2984375 0.32916666666666666 0.015625 0.025
1 0.3625 0.28229166666666666 0.078125 0.13541666666666666
1 0.41015625 0.2989583333333333 0.0453125 0.08958333333333333
0 0.434375 0.30625 0.015625 0.03333333333333333
0 0.4640625 0.2947916666666667 0.01875 0.035416666666666666
0 0.48515625 0.2833333333333333 0.0234375 0.041666666666666664
0 0.5328125 0.27291666666666664 0.065625 0.10833333333333334
0 0.5796875 0.28020833333333334 0.0375 0.06458333333333334
0 0.63671875 0.278125 0.0453125 0.08125
0 0.71171875 0.24583333333333332 0.0171875 0.029166666666666667
1 0.80234375 0.278125 0.0828125 0.13958333333333334
