1 0.7132530120481928 0.3144578313253012 0.0963855421686747 0.10361445783132531
1 0.3602409638554217 0.30481927710843376 0.10361445783132531 0.1180722891566265
0 0.5674698795180723 0.3783132530120482 0.0746987951807229 0.07710843373493977
0 0.6903614457831325 0.36987951807228914 0.060240963855421686 0.0746987951807229
0 0.7855421686746988 0.3132530120481928 0.05783132530120482 0.05301204819277108
0 0.6506024096385542 0.30843373493975906 0.05783132530120482 0.0819277108433735
0 0.5156626506024097 0.3036144578313253 0.05783132530120482 0.06746987951807229
1 0.9650602409638555 0.3132530120481928 0.06506024096385542 0.10602409638554217
0 0.9855421686746988 0.3686746987951807 0.024096385542168676 0.07710843373493977
0 0.908433734939759 0.3132530120481928 0.05783132530120482 0.05301204819277108
