1 0.10272727272727272 0.47694174757281554 0.04909090909090909 0.0703883495145631
1 0.16727272727272727 0.4538834951456311 0.04 0.06310679611650485
1 0.23727272727272727 0.42839805825242716 0.07090909090909091 0.10922330097087378
1 0.33181818181818185 0.4550970873786408 0.03090909090909091 0.04611650485436893
1 0.4172727272727273 0.42839805825242716 0.045454545454545456 0.08009708737864078
1 0.5318181818181819 0.4405339805825243 0.034545454545454546 0.050970873786407765
1 0.6754545454545454 0.44781553398058255 0.03090909090909091 0.04611650485436893
1 0.7127272727272728 0.44660194174757284 0.03272727272727273 0.05339805825242718
1 0.7581818181818182 0.39563106796116504 0.04 0.07281553398058252
1 0.36363636363636365 0.4429611650485437 0.025454545454545455 0.0412621359223301
0 0.5909090909090909 0.46116504854368934 0.01818181818181818 0.03398058252427184
