1 0.13143382352941177 0.26795580110497236 0.027573529411764705 0.06077348066298342
1 0.5450367647058824 0.2803867403314917 0.027573529411764705 0.06353591160220995
1 0.8465073529411765 0.30939226519337015 0.05330882352941176 0.10497237569060773
1 0.9099264705882353 0.3052486187845304 0.06985294117647059 0.1298342541436464
1 0.7931985294117647 0.27071823204419887 0.04595588235294118 0.10497237569060773
1 0.7435661764705882 0.31629834254143646 0.04595588235294118 0.0856353591160221
1 0.6838235294117647 0.2845303867403315 0.03676470588235294 0.08287292817679558
1 0.6470588235294118 0.28314917127071826 0.03308823529411765 0.07458563535911603
1 0.5808823529411765 0.287292817679558 0.03308823529411765 0.0718232044198895
1 0.46691176470588236 0.27071823204419887 0.03308823529411765 0.06629834254143646
1 0.43474264705882354 0.27624309392265195 0.02389705882352941 0.055248618784530384
1 0.4025735294117647 0.2803867403314917 0.022058823529411766 0.04696132596685083
1 0.37316176470588236 0.30248618784530384 0.029411764705882353 0.058011049723756904
1 0.32077205882352944 0.27209944751381215 0.02389705882352941 0.04696132596685083
1 0.2867647058823529 0.27348066298342544 0.022058823529411766 0.04419889502762431
1 0.16911764705882354 0.27900552486187846 0.05514705882352941 0.10497237569060773
