0 0.39302884615384615 0.43028846153846156 0.06971153846153846 0.08653846153846154
0 0.6177884615384616 0.39302884615384615 0.057692307692307696 0.06490384615384616
0 0.8701923076923077 0.36899038461538464 0.057692307692307696 0.06971153846153846
0 0.7920673076923077 0.3485576923076923 0.10817307692307693 0.12980769230769232
0 0.3088942307692308 0.4375 0.04567307692307692 0.052884615384615384
0 0.08173076923076923 0.4543269230769231 0.052884615384615384 0.057692307692307696
0 0.17908653846153846 0.4543269230769231 0.04567307692307692 0.057692307692307696
0 0.47596153846153844 0.421875 0.04326923076923077 0.055288461538461536
0 0.9795673076923077 0.32211538461538464 0.036057692307692304 0.17307692307692307
0 0.7908653846153846 0.02283653846153846 0.11057692307692307 0.04567307692307692
0 0.9783653846153846 0.046875 0.038461538461538464 0.09375
