0 0.6279166666666667 0.309375 0.18416666666666667 0.34375
0 0.4175 0.28125 0.13833333333333334 0.245
0 0.23541666666666666 0.176875 0.10583333333333333 0.17125
0 0.09208333333333334 0.143125 0.07083333333333333 0.10875
0 0.035416666666666666 0.140625 0.060833333333333336 0.09875
0 0.36 0.104375 0.04833333333333333 0.08875
0 0.41625 0.075625 0.034166666666666665 0.05125
0 0.405 0.13 0.043333333333333335 0.06
0 0.49083333333333334 0.119375 0.04 0.06625
0 0.5591666666666667 0.07375 0.045 0.0675
0 0.745 0.104375 0.03666666666666667 0.06875
