1 0.106 0.516 0.034666666666666665 0.050666666666666665
1 0.20233333333333334 0.5151111111111111 0.026 0.043555555555555556
1 0.26666666666666666 0.5213333333333333 0.025333333333333333 0.041777777777777775
1 0.29333333333333333 0.5266666666666666 0.02666666666666667 0.03822222222222222
1 0.3343333333333333 0.5657777777777778 0.028666666666666667 0.04711111111111111
1 0.3496666666666667 0.5533333333333333 0.026 0.043555555555555556
1 0.41533333333333333 0.5711111111111111 0.032 0.043555555555555556
1 0.418 0.5368888888888889 0.02266666666666667 0.024888888888888887
1 0.43066666666666664 0.512 0.029333333333333333 0.03911111111111111
1 0.44733333333333336 0.4817777777777778 0.025333333333333333 0.04088888888888889
1 0.4716666666666667 0.5213333333333333 0.027333333333333334 0.04
1 0.479 0.5675555555555556 0.03266666666666666 0.04711111111111111
1 0.49766666666666665 0.5204444444444445 0.022 0.03288888888888889
1 0.5226666666666666 0.5786666666666667 0.034666666666666665 0.051555555555555556
1 0.56 0.5573333333333333 0.03333333333333333 0.03911111111111111
1 0.5516666666666666 0.5293333333333333 0.028666666666666667 0.04
1 0.591 0.5133333333333333 0.024666666666666667 0.043555555555555556
1 0.6123333333333333 0.5146666666666667 0.023333333333333334 0.04622222222222222
1 0.6483333333333333 0.5555555555555556 0.03 0.048
1 0.6633333333333333 0.5124444444444445 0.025333333333333333 0.03822222222222222
1 0.6953333333333334 0.532 0.032 0.041777777777777775
1 0.716 0.5582222222222222 0.030666666666666665 0.04622222222222222
1 0.7503333333333333 0.5053333333333333 0.024666666666666667 0.036444444444444446
1 0.8643333333333333 0.5364444444444444 0.024666666666666667 0.036444444444444446
1 0.8953333333333333 0.524 0.032 0.043555555555555556
