0 0.8173076923076923 0.27710843373493976 0.07211538461538461 0.09156626506024096
0 0.6334134615384616 0.27590361445783135 0.07932692307692307 0.09879518072289156
0 0.7151442307692307 0.28313253012048195 0.06490384615384616 0.06987951807228916
0 0.22596153846153846 0.2927710843373494 0.08653846153846154 0.1180722891566265
0 0.5853365384615384 0.27349397590361446 0.04567307692307692 0.07951807228915662
0 0.8173076923076923 0.1614457831325301 0.07211538461538461 0.09156626506024096
0 0.6334134615384616 0.1650602409638554 0.07932692307692307 0.09879518072289156
0 0.7151442307692307 0.1578313253012048 0.06490384615384616 0.06987951807228916
0 0.22596153846153846 0.14819277108433734 0.08653846153846154 0.1180722891566265
0 0.5853365384615384 0.1674698795180723 0.04567307692307692 0.07951807228915662
