1 0.22115384615384615 0.5686746987951807 0.04326923076923077 0.043373493975903614
1 0.27884615384615385 0.5650602409638554 0.038461538461538464 0.04578313253012048
1 0.31850961538461536 0.563855421686747 0.036057692307692304 0.03855421686746988
1 0.3762019230769231 0.5674698795180723 0.036057692307692304 0.04096385542168675
1 0.4411057692307692 0.5771084337349398 0.036057692307692304 0.04096385542168675
1 0.4098557692307692 0.5566265060240964 0.03125 0.03855421686746988
1 0.5600961538461539 0.572289156626506 0.038461538461538464 0.03614457831325301
1 0.8125 0.5662650602409639 0.052884615384615384 0.05301204819277108
1 0.7115384615384616 0.5518072289156627 0.028846153846153848 0.02891566265060241
1 0.5697115384615384 0.5265060240963856 0.028846153846153848 0.03614457831325301
1 0.22115384615384615 0.9301204819277108 0.04326923076923077 0.043373493975903614
1 0.27884615384615385 0.936144578313253 0.038461538461538464 0.04578313253012048
1 0.31850961538461536 0.9349397590361446 0.036057692307692304 0.03855421686746988
1 0.3762019230769231 0.9337349397590361 0.036057692307692304 0.04096385542168675
1 0.4411057692307692 0.9240963855421687 0.036057692307692304 0.04096385542168675
1 0.4098557692307692 0.9421686746987952 0.03125 0.03855421686746988
1 0.5600961538461539 0.9289156626506024 0.038461538461538464 0.03614457831325301
1 0.8125 0.9325301204819277 0.052884615384615384 0.05301204819277108
1 0.7115384615384616 0.946987951807229 0.028846153846153848 0.02891566265060241
1 0.5697115384615384 0.9746987951807229 0.028846153846153848 0.03614457831325301
