1 0.15504807692307693 0.3759036144578313 0.06971153846153846 0.08674698795180723
1 0.23918269230769232 0.3710843373493976 0.14182692307692307 0.18795180722891566
1 0.75 0.3457831325301205 0.15865384615384615 0.1855421686746988
1 0.4807692307692308 0.3759036144578313 0.11057692307692307 0.13012048192771083
1 0.31490384615384615 0.363855421686747 0.07692307692307693 0.12530120481927712
1 0.057692307692307696 0.3493975903614458 0.11538461538461539 0.3325301204819277
1 0.6790865384615384 0.3602409638554217 0.06009615384615385 0.12771084337349398
0 0.9266826923076923 0.344578313253012 0.09375 0.10602409638554217
1 0.23798076923076922 0.03132530120481928 0.14423076923076922 0.06265060240963856
1 0.7512019230769231 0.043373493975903614 0.16105769230769232 0.08674698795180723
1 0.48197115384615385 0.014457831325301205 0.11298076923076923 0.02891566265060241
1 0.3161057692307692 0.01927710843373494 0.07932692307692307 0.03855421686746988
1 0.05889423076923077 0.0783132530120482 0.11778846153846154 0.1566265060240964
1 0.6778846153846154 0.021686746987951807 0.0625 0.043373493975903614
0 0.9254807692307693 0.024096385542168676 0.09615384615384616 0.04819277108433735
