1 0.0463768115942029 0.41682785299806574 0.034782608695652174 0.059961315280464215
1 0.13768115942028986 0.39361702127659576 0.04057971014492753 0.059961315280464215
1 0.27246376811594203 0.4206963249516441 0.02608695652173913 0.04448742746615087
1 0.34782608695652173 0.4158607350096712 0.028985507246376812 0.0425531914893617
1 0.3804347826086957 0.4323017408123791 0.02753623188405797 0.04061895551257253
1 0.44855072463768114 0.3945841392649903 0.06231884057971015 0.11605415860735009
1 0.4920289855072464 0.41779497098646035 0.02463768115942029 0.0425531914893617
1 0.5152173913043478 0.41005802707930367 0.02753623188405797 0.03868471953578337
1 0.5478260869565217 0.4284332688588008 0.020289855072463767 0.03288201160541586
1 0.5666666666666667 0.4197292069632495 0.02608695652173913 0.03868471953578337
1 0.618840579710145 0.42263056092843326 0.02608695652173913 0.0367504835589942
1 0.6420289855072464 0.4245647969052224 0.020289855072463767 0.0367504835589942
1 0.29347826086956524 0.42263056092843326 0.01884057971014493 0.0367504835589942
1 0.7123188405797102 0.41779497098646035 0.02463768115942029 0.03868471953578337
1 0.8601449275362318 0.4090909090909091 0.021739130434782608 0.04061895551257253
1 0.9231884057971015 0.41682785299806574 0.028985507246376812 0.048355899419729204
1 0.9601449275362319 0.42359767891682787 0.030434782608695653 0.0425531914893617
1 0.9855072463768116 0.4274661508704062 0.02608695652173913 0.04642166344294004
