1 0.3 0.38461538461538464 0.06153846153846154 0.11282051282051282
1 0.5673076923076923 0.3717948717948718 0.019230769230769232 0.02564102564102564
1 0.5923076923076923 0.4307692307692308 0.046153846153846156 0.08205128205128205
1 0.65 0.38974358974358975 0.08076923076923077 0.13333333333333333
1 0.7067307692307693 0.3435897435897436 0.013461538461538462 0.020512820512820513
1 0.7365384615384616 0.41794871794871796 0.057692307692307696 0.08717948717948718
1 0.8615384615384616 0.37948717948717947 0.011538461538461539 0.020512820512820513
1 0.8423076923076923 0.38076923076923075 0.011538461538461539 0.017948717948717947
1 0.7682692307692308 0.3769230769230769 0.009615384615384616 0.015384615384615385
1 0.801923076923077 0.3717948717948718 0.011538461538461539 0.015384615384615385
0 0.3528846153846154 0.37435897435897436 0.03653846153846154 0.05641025641025641
1 0.48173076923076924 0.38076923076923075 0.07115384615384615 0.12051282051282051
0 0.9240384615384616 0.4115384615384615 0.09423076923076923 0.1358974358974359
