0 0.9713235294117647 0.44313725490196076 0.057352941176470586 0.15294117647058825
0 0.9264705882352942 0.442156862745098 0.05588235294117647 0.10784313725490197
0 0.8897058823529411 0.4549019607843137 0.03823529411764706 0.08627450980392157
0 0.8492647058823529 0.42745098039215684 0.04264705882352941 0.08627450980392157
0 0.8073529411764706 0.43529411764705883 0.029411764705882353 0.06274509803921569
0 0.775 0.4372549019607843 0.041176470588235294 0.0784313725490196
0 0.7264705882352941 0.43333333333333335 0.03823529411764706 0.07058823529411765
0 0.6551470588235294 0.43333333333333335 0.045588235294117645 0.0784313725490196
0 0.7051470588235295 0.442156862745098 0.022058823529411766 0.052941176470588235
0 0.6036764705882353 0.4147058823529412 0.03676470588235294 0.060784313725490195
0 0.5551470588235294 0.46078431372549017 0.060294117647058824 0.10196078431372549
0 0.49779411764705883 0.4568627450980392 0.04264705882352941 0.07058823529411765
0 0.4323529411764706 0.4392156862745098 0.052941176470588235 0.08235294117647059
0 0.3830882352941177 0.43333333333333335 0.045588235294117645 0.07450980392156863
0 0.3095588235294118 0.4294117647058823 0.033823529411764704 0.058823529411764705
0 0.26029411764705884 0.4294117647058823 0.05588235294117647 0.09019607843137255
0 0.1713235294117647 0.42254901960784313 0.07205882352941176 0.10784313725490197
0 0.12205882352941176 0.4264705882352941 0.041176470588235294 0.07647058823529412
0 0.029411764705882353 0.4764705882352941 0.05588235294117647 0.08235294117647059
