1 0.33653846153846156 0.390625 0.07692307692307693 0.0889423076923077
1 0.7980769230769231 0.3545673076923077 0.07692307692307693 0.09375
1 0.75 0.4338942307692308 0.09134615384615384 0.0985576923076923
1 0.4579326923076923 0.39783653846153844 0.06971153846153846 0.0985576923076923
1 0.5108173076923077 0.41947115384615385 0.07451923076923077 0.08413461538461539
1 0.6478365384615384 0.45072115384615385 0.06971153846153846 0.06009615384615385
1 0.9098557692307693 0.3473557692307692 0.06009615384615385 0.06971153846153846
1 0.6213942307692307 0.4338942307692308 0.06490384615384616 0.06009615384615385
1 0.7992788461538461 0.020432692307692308 0.07932692307692307 0.040865384615384616
1 0.9086538461538461 0.018028846153846152 0.0625 0.036057692307692304
