1 0.7596153846153846 0.4483173076923077 0.057692307692307696 0.07932692307692307
1 0.6081730769230769 0.45913461538461536 0.057692307692307696 0.07692307692307693
1 0.5180288461538461 0.4254807692307692 0.06971153846153846 0.10096153846153846
1 0.8545673076923077 0.40865384615384615 0.12740384615384615 0.15865384615384615
1 0.3425480769230769 0.40865384615384615 0.08413461538461539 0.11057692307692307
1 0.5865384615384616 0.4326923076923077 0.038461538461538464 0.057692307692307696
1 0.9783653846153846 0.4098557692307692 0.03365384615384615 0.11298076923076923
1 0.7608173076923077 0.013221153846153846 0.06009615384615385 0.026442307692307692
1 0.5168269230769231 0.030048076923076924 0.07211538461538461 0.06009615384615385
1 0.8533653846153846 0.052884615384615384 0.12980769230769232 0.10576923076923077
1 0.34134615384615385 0.040865384615384616 0.08653846153846154 0.08173076923076923
1 0.5877403846153846 0.015625 0.040865384615384616 0.03125
1 0.9795673076923077 0.040865384615384616 0.036057692307692304 0.08173076923076923
