1 0.025240384615384616 0.41204819277108434 0.04567307692307692 0.11566265060240964
0 0.5048076923076923 0.4771084337349398 0.08173076923076923 0.0963855421686747
0 0.3605769230769231 0.4891566265060241 0.07692307692307693 0.0963855421686747
0 0.6490384615384616 0.5012048192771085 0.08173076923076923 0.1108433734939759
0 0.7067307692307693 0.519277108433735 0.057692307692307696 0.08433734939759036
0 0.5408653846153846 0.41566265060240964 0.057692307692307696 0.06987951807228916
0 0.4326923076923077 0.4108433734939759 0.057692307692307696 0.06987951807228916
0 0.9483173076923077 0.43734939759036146 0.04567307692307692 0.06506024096385542
0 0.8088942307692307 0.42530120481927713 0.05048076923076923 0.06987951807228916
0 0.7944711538461539 0.38313253012048193 0.04567307692307692 0.05783132530120482
0 0.35096153846153844 0.43493975903614457 0.0673076923076923 0.06506024096385542
0 0.8485576923076923 0.4493975903614458 0.04326923076923077 0.06987951807228916
0 0.8569711538461539 0.39518072289156625 0.04567307692307692 0.05301204819277108
0 0.4651442307692308 0.4530120481927711 0.04567307692307692 0.06746987951807229
0 0.9230769230769231 0.41686746987951806 0.03365384615384615 0.05301204819277108
0 0.9867788461538461 0.40481927710843374 0.021634615384615384 0.05783132530120482
