1 0.1663716814159292 0.21875 0.08495575221238938 0.20955882352941177
1 0.215929203539823 0.13970588235294118 0.07079646017699115 0.19117647058823528
1 0.41150442477876104 0.1636029411764706 0.0584070796460177 0.1801470588235294
1 0.4557522123893805 0.19117647058823528 0.03716814159292035 0.125
1 0.5610619469026549 0.15441176470588236 0.06725663716814159 0.19117647058823528
1 0.7353982300884956 0.18933823529411764 0.06548672566371681 0.1948529411764706
1 0.7805309734513274 0.17095588235294118 0.03185840707964602 0.1213235294117647
1 0.8398230088495575 0.13786764705882354 0.09734513274336283 0.2610294117647059
1 0.9318584070796461 0.1875 0.05132743362831858 0.1323529411764706
1 0.6893805309734513 0.23713235294117646 0.03716814159292035 0.11397058823529412
