0 0.0872210953346856 0.1659056316590563 0.016227180527383367 0.030441400304414
0 0.13793103448275862 0.2054794520547945 0.04462474645030426 0.0882800608828006
0 0.19371196754563894 0.19863013698630136 0.0872210953346856 0.1598173515981735
1 0.23985801217038538 0.16362252663622526 0.06389452332657201 0.1385083713850837
1 0.3747464503042596 0.18949771689497716 0.0537525354969574 0.1171993911719939
1 0.6222109533468559 0.15449010654490106 0.07809330628803246 0.1719939117199391
1 0.048174442190669374 0.2640791476407915 0.09432048681541583 0.2480974124809741
1 0.32961460446247465 0.3302891933028919 0.12170385395537525 0.1887366818873668
1 0.4345841784989858 0.14687975646879756 0.08012170385395538 0.1872146118721461
1 0.48732251521298176 0.1598173515981735 0.04969574036511156 0.1765601217656012
1 0.5649087221095335 0.19558599695585996 0.05273833671399594 0.0958904109589041
0 0.6658215010141988 0.16818873668188736 0.015212981744421906 0.0319634703196347
0 0.7058823529411765 0.14535768645357686 0.06288032454361055 0.1202435312024353
0 0.7429006085192698 0.14535768645357686 0.02332657200811359 0.0806697108066971
0 0.8301217038539553 0.16210045662100456 0.061866125760649086 0.1171993911719939
0 0.8828600405679513 0.14383561643835616 0.03955375253549696 0.0715372907153729
0 0.890973630831643 0.2222222222222222 0.035496957403651115 0.0639269406392694
0 0.9761663286004056 0.15753424657534246 0.04158215010141988 0.0776255707762557
