1 0.04710144927536232 0.41876208897485495 0.036231884057971016 0.05609284332688588
1 0.13840579710144926 0.39264990328820115 0.04492753623188406 0.061895551257253385
1 0.27246376811594203 0.4245647969052224 0.03188405797101449 0.05222437137330754
1 0.34782608695652173 0.4148936170212766 0.028985507246376812 0.048355899419729204
1 0.3818840579710145 0.4323017408123791 0.02753623188405797 0.048355899419729204
1 0.4463768115942029 0.3945841392649903 0.06086956521739131 0.12379110251450677
1 0.48985507246376814 0.4158607350096712 0.02318840579710145 0.04642166344294004
1 0.5144927536231884 0.41102514506769827 0.02608695652173913 0.04061895551257253
1 0.5666666666666667 0.41876208897485495 0.028985507246376812 0.04061895551257253
1 0.6210144927536232 0.42359767891682787 0.021739130434782608 0.03868471953578337
1 0.6434782608695652 0.4245647969052224 0.02318840579710145 0.04061895551257253
1 0.8608695652173913 0.41102514506769827 0.02608695652173913 0.04061895551257253
1 0.922463768115942 0.41295938104448743 0.02463768115942029 0.04448742746615087
1 0.9615942028985507 0.4245647969052224 0.02753623188405797 0.04061895551257253
1 0.986231884057971 0.4274661508704062 0.02463768115942029 0.03868471953578337
1 0.29347826086956524 0.42166344294003866 0.01884057971014493 0.03481624758220503
1 0.7130434782608696 0.4197292069632495 0.02318840579710145 0.03868471953578337
