0 0.9098557692307693 0.4014423076923077 0.06971153846153846 0.08173076923076923
0 0.6850961538461539 0.39302884615384615 0.057692307692307696 0.06971153846153846
0 0.6298076923076923 0.39663461538461536 0.052884615384615384 0.0625
0 0.5252403846153846 0.39302884615384615 0.055288461538461536 0.06009615384615385
0 0.7704326923076923 0.40024038461538464 0.04567307692307692 0.055288461538461536
0 0.09735576923076923 0.4026442307692308 0.04567307692307692 0.04567307692307692
0 0.06490384615384616 0.39302884615384615 0.028846153846153848 0.036057692307692304
0 0.2848557692307692 0.40384615384615385 0.04567307692307692 0.04807692307692308
0 0.39302884615384615 0.4014423076923077 0.036057692307692304 0.052884615384615384
0 0.421875 0.4170673076923077 0.026442307692307692 0.040865384615384616
0 0.9086538461538461 0.008413461538461538 0.07211538461538461 0.016826923076923076
0 0.6862980769230769 0.009615384615384616 0.06009615384615385 0.019230769230769232
0 0.6310096153846154 0.006009615384615385 0.055288461538461536 0.01201923076923077
0 0.5240384615384616 0.007211538461538462 0.057692307692307696 0.014423076923076924
