1 0.8125 0.37740384615384615 0.057692307692307696 0.07692307692307693
1 0.16346153846153846 0.47475961538461536 0.057692307692307696 0.06490384615384616
0 0.4891826923076923 0.46274038461538464 0.04567307692307692 0.055288461538461536
0 0.3317307692307692 0.47596153846153844 0.04326923076923077 0.0625
0 0.5853365384615384 0.45913461538461536 0.03125 0.04326923076923077
0 0.6081730769230769 0.45552884615384615 0.028846153846153848 0.04567307692307692
0 0.6634615384615384 0.46274038461538464 0.04326923076923077 0.05048076923076923
0 0.3762019230769231 0.48677884615384615 0.040865384615384616 0.04567307692307692
0 0.2920673076923077 0.4891826923076923 0.03125 0.036057692307692304
0 0.4266826923076923 0.49399038461538464 0.03125 0.036057692307692304
0 0.09375 0.49278846153846156 0.04807692307692308 0.0625
1 0.052884615384615384 0.5036057692307693 0.03365384615384615 0.04567307692307692
