0 0.02734375 0.5885416666666666 0.0484375 0.08125
0 0.0984375 0.565625 0.05 0.07708333333333334
0 0.2015625 0.5166666666666667 0.040625 0.06666666666666667
0 0.25546875 0.5697916666666667 0.0421875 0.07291666666666667
0 0.37265625 0.625 0.0421875 0.058333333333333334
0 0.4140625 0.5145833333333333 0.053125 0.07083333333333333
0 0.4984375 0.5520833333333334 0.046875 0.07083333333333333
0 0.571875 0.5614583333333333 0.04375 0.07291666666666667
0 0.6734375 0.565625 0.04375 0.06875
0 0.77578125 0.5625 0.0453125 0.07083333333333333
0 0.865625 0.56875 0.046875 0.075
0 0.95703125 0.571875 0.0484375 0.07291666666666667
0 0.890625 0.384375 0.04375 0.06875
0 0.75234375 0.40625 0.0390625 0.058333333333333334
0 0.68671875 0.38229166666666664 0.0421875 0.06458333333333334
0 0.575 0.35520833333333335 0.040625 0.06875
0 0.50859375 0.3625 0.0390625 0.0625
0 0.44375 0.371875 0.0375 0.06041666666666667
0 0.3734375 0.36770833333333336 0.0375 0.06875
0 0.31640625 0.37916666666666665 0.0390625 0.0625
0 0.26015625 0.3645833333333333 0.0359375 0.07083333333333333
0 0.20390625 0.37395833333333334 0.0421875 0.06875
0 0.128125 0.365625 0.040625 0.06458333333333334
