1 0.3737980769230769 0.41686746987951806 0.055288461538461536 0.07710843373493977
1 0.057692307692307696 0.43012048192771085 0.03365384615384615 0.060240963855421686
1 0.42788461538461536 0.42891566265060244 0.04326923076923077 0.06265060240963856
1 0.7379807692307693 0.41807228915662653 0.04326923076923077 0.05060240963855422
1 0.09735576923076923 0.43012048192771085 0.040865384615384616 0.04578313253012048
1 0.019230769230769232 0.43373493975903615 0.03365384615384615 0.05783132530120482
1 0.17067307692307693 0.42891566265060244 0.028846153846153848 0.043373493975903614
1 0.20192307692307693 0.4433734939759036 0.04326923076923077 0.04819277108433735
1 0.27163461538461536 0.44216867469879517 0.04326923076923077 0.04578313253012048
1 0.5072115384615384 0.42891566265060244 0.052884615384615384 0.04819277108433735
1 0.578125 0.43012048192771085 0.040865384615384616 0.04578313253012048
1 0.6670673076923077 0.40240963855421685 0.036057692307692304 0.05783132530120482
1 0.703125 0.4 0.03125 0.05783132530120482
1 0.78125 0.41204819277108434 0.04326923076923077 0.05783132530120482
