1 0.363 0.6550802139037433 0.134 0.17647058823529413
1 0.545 0.8008021390374331 0.122 0.14705882352941177
0 0.621 0.5762032085561497 0.098 0.11497326203208556
0 0.545 0.45454545454545453 0.078 0.11229946524064172
0 0.634 0.3609625668449198 0.084 0.10160427807486631
0 0.838 0.3836898395721925 0.156 0.23796791443850268
0 0.6 0.05213903743315508 0.108 0.09893048128342247
0 0.456 0.02540106951871658 0.08 0.045454545454545456
0 0.097 0.16176470588235295 0.142 0.23796791443850268
0 0.035 0.19385026737967914 0.066 0.25935828877005346
