1 0.131 0.4594594594594595 0.038 0.06606606606606606
1 0.365 0.4804804804804805 0.022 0.05405405405405406
1 0.437 0.47897897897897895 0.022 0.05105105105105105
1 0.493 0.493993993993994 0.026 0.05105105105105105
1 0.523 0.493993993993994 0.014 0.04504504504504504
1 0.536 0.46996996996997 0.02 0.05105105105105105
1 0.581 0.49099099099099097 0.022 0.05105105105105105
1 0.612 0.47297297297297297 0.032 0.06306306306306306
1 0.646 0.45645645645645644 0.024 0.05405405405405406
1 0.689 0.487987987987988 0.03 0.06306306306306306
1 0.726 0.46546546546546547 0.04 0.07807807807807808
1 0.796 0.44894894894894893 0.048 0.09309309309309309
1 0.881 0.43993993993993996 0.058 0.11711711711711711
1 0.979 0.4114114114114114 0.042 0.12612612612612611
1 0.767 0.47597597597597596 0.026 0.06306306306306306
