1 0.1658653846153846 0.21754807692307693 0.08653846153846154 0.0985576923076923
1 0.3329326923076923 0.265625 0.06009615384615385 0.07451923076923077
1 0.5 0.23317307692307693 0.052884615384615384 0.0673076923076923
1 0.8016826923076923 0.20552884615384615 0.0889423076923077 0.07451923076923077
1 0.026442307692307692 0.3076923076923077 0.028846153846153848 0.038461538461538464
1 0.1658653846153846 0.11658653846153846 0.08653846153846154 0.0985576923076923
1 0.3329326923076923 0.06850961538461539 0.06009615384615385 0.07451923076923077
1 0.5 0.0985576923076923 0.052884615384615384 0.0673076923076923
1 0.8016826923076923 0.12860576923076922 0.0889423076923077 0.07451923076923077
1 0.026442307692307692 0.02403846153846154 0.028846153846153848 0.038461538461538464
