0 0.077 0.35333333333333333 0.05 0.06666666666666667
0 0.123 0.364 0.014 0.029333333333333333
0 0.23 0.36666666666666664 0.024 0.04
0 0.283 0.33466666666666667 0.07 0.09866666666666667
0 0.388 0.344 0.056 0.096
0 0.441 0.36133333333333334 0.034 0.06666666666666667
0 0.532 0.352 0.056 0.09066666666666667
0 0.576 0.37866666666666665 0.024 0.037333333333333336
0 0.603 0.33466666666666667 0.03 0.088
0 0.637 0.344 0.066 0.096
0 0.686 0.352 0.044 0.07466666666666667
0 0.738 0.34 0.072 0.10933333333333334
0 0.778 0.38133333333333336 0.036 0.064
0 0.802 0.37466666666666665 0.024 0.04533333333333334
0 0.826 0.3893333333333333 0.036 0.05333333333333334
0 0.871 0.384 0.054 0.09066666666666667
0 0.926 0.4026666666666667 0.028 0.048
0 0.938 0.376 0.028 0.037333333333333336
