0 0.04326923076923077 0.4338942307692308 0.028846153846153848 0.03125
0 0.09975961538461539 0.45072115384615385 0.06971153846153846 0.08413461538461539
0 0.21394230769230768 0.44591346153846156 0.04326923076923077 0.04567307692307692
0 0.2668269230769231 0.45552884615384615 0.052884615384615384 0.06971153846153846
0 0.36778846153846156 0.4375 0.08653846153846154 0.10096153846153846
0 0.328125 0.4387019230769231 0.036057692307692304 0.06971153846153846
0 0.4098557692307692 0.4206730769230769 0.05048076923076923 0.09615384615384616
0 0.45913461538461536 0.44471153846153844 0.052884615384615384 0.057692307692307696
0 0.6574519230769231 0.42908653846153844 0.06490384615384616 0.06490384615384616
0 0.7776442307692307 0.43509615384615385 0.06490384615384616 0.08653846153846154
0 0.96875 0.4110576923076923 0.057692307692307696 0.13942307692307693
