1 0.0625 0.27590361445783135 0.07211538461538461 0.10361445783132531
1 0.3088942307692308 0.3313253012048193 0.07451923076923077 0.09879518072289156
1 0.21153846153846154 0.30843373493975906 0.07211538461538461 0.10120481927710843
1 0.44350961538461536 0.363855421686747 0.0889423076923077 0.11566265060240964
1 0.6418269230769231 0.3349397590361446 0.057692307692307696 0.0819277108433735
0 0.5949519230769231 0.30481927710843376 0.07451923076923077 0.08433734939759036
1 0.0625 0.05421686746987952 0.07211538461538461 0.10361445783132531
1 0.3076923076923077 0.024096385542168676 0.07692307692307693 0.04819277108433735
1 0.2127403846153846 0.03614457831325301 0.07451923076923077 0.07228915662650602
1 0.4423076923076923 0.012048192771084338 0.09134615384615384 0.024096385542168676
1 0.6430288461538461 0.018072289156626505 0.06009615384615385 0.03614457831325301
0 0.59375 0.033734939759036145 0.07692307692307693 0.06746987951807229
