1 0.2011111111111111 0.41442953020134227 0.03333333333333333 0.05704697986577181
1 0.2511111111111111 0.3976510067114094 0.035555555555555556 0.05704697986577181
1 0.29555555555555557 0.3573825503355705 0.05333333333333334 0.09060402684563758
1 0.4388888888888889 0.3691275167785235 0.03333333333333333 0.0738255033557047
1 0.4822222222222222 0.37080536912751677 0.02666666666666667 0.050335570469798654
1 0.51 0.3674496644295302 0.03333333333333333 0.06375838926174497
1 0.5855555555555556 0.31543624161073824 0.051111111111111114 0.11409395973154363
1 0.6222222222222222 0.3674496644295302 0.03111111111111111 0.05704697986577181
1 0.36777777777777776 0.35570469798657717 0.06 0.10738255033557047
1 0.6777777777777778 0.3624161073825503 0.05333333333333334 0.10738255033557047
1 0.7077777777777777 0.34395973154362414 0.028888888888888888 0.08389261744966443
1 0.8066666666666666 0.32550335570469796 0.06666666666666667 0.12080536912751678
1 0.8644444444444445 0.35570469798657717 0.022222222222222223 0.053691275167785234
0 0.8844444444444445 0.35906040268456374 0.03111111111111111 0.053691275167785234
