1 0.9635593220338983 0.4223918575063613 0.07288135593220339 0.20865139949109415
1 0.9135593220338983 0.4211195928753181 0.05423728813559322 0.13994910941475827
1 0.8745762711864407 0.39185750636132316 0.04406779661016949 0.08651399491094147
1 0.7203389830508474 0.42366412213740456 0.07796610169491526 0.13486005089058525
1 0.6830508474576271 0.4580152671755725 0.04745762711864407 0.10687022900763359
0 0.4347457627118644 0.4541984732824427 0.06610169491525424 0.11959287531806616
0 0.31186440677966104 0.45674300254452926 0.05423728813559322 0.09923664122137404
0 0.18983050847457628 0.4020356234096692 0.05084745762711865 0.0916030534351145
0 0.0635593220338983 0.37404580152671757 0.06610169491525424 0.10178117048346055
1 0.2347457627118644 0.4287531806615776 0.04576271186440678 0.07888040712468193
0 0.5754237288135593 0.5572519083969466 0.04915254237288136 0.0916030534351145
0 0.5016949152542373 0.4643765903307888 0.020338983050847456 0.04834605597964377
0 0.47627118644067795 0.4720101781170484 0.030508474576271188 0.08396946564885496
1 0.5372881355932203 0.4681933842239186 0.02711864406779661 0.05597964376590331
0 0.5694915254237288 0.4758269720101781 0.04067796610169491 0.07633587786259542
0 0.38389830508474576 0.45674300254452926 0.03220338983050847 0.058524173027989825
1 0.25254237288135595 0.5279898218829516 0.04406779661016949 0.09923664122137404
