1 0.21875 0.36899038461538464 0.08653846153846154 0.09375
1 0.04807692307692308 0.33413461538461536 0.0673076923076923 0.08173076923076923
0 0.30408653846153844 0.3737980769230769 0.040865384615384616 0.05048076923076923
0 0.3557692307692308 0.38822115384615385 0.057692307692307696 0.07451923076923077
1 0.42908653846153844 0.3581730769230769 0.055288461538461536 0.07211538461538461
1 0.5420673076923077 0.34975961538461536 0.06971153846153846 0.09375
0 0.5997596153846154 0.3641826923076923 0.055288461538461536 0.06971153846153846
0 0.6682692307692307 0.36899038461538464 0.0625 0.07932692307692307
0 0.7451923076923077 0.38100961538461536 0.052884615384615384 0.06971153846153846
0 0.7836538461538461 0.3762019230769231 0.03365384615384615 0.04567307692307692
0 0.9230769230769231 0.3762019230769231 0.07211538461538461 0.09375
0 0.9759615384615384 0.38461538461538464 0.038461538461538464 0.08173076923076923
1 0.04927884615384615 0.02283653846153846 0.06971153846153846 0.04567307692307692
1 0.42788461538461536 0.008413461538461538 0.057692307692307696 0.016826923076923076
1 0.5408653846153846 0.018028846153846152 0.07211538461538461 0.036057692307692304
