0 0.034375 0.27416666666666667 0.06125 0.175
0 0.1175 0.30833333333333335 0.145 0.19333333333333333
0 0.235625 0.2275 0.08625 0.13166666666666665
0 0.3275 0.32416666666666666 0.035 0.04833333333333333
0 0.254375 0.31083333333333335 0.03125 0.045
0 0.441875 0.30666666666666664 0.04125 0.06666666666666667
0 0.609375 0.36666666666666664 0.07875 0.14333333333333334
0 0.67125 0.29583333333333334 0.045 0.07833333333333334
1 0.51 0.31666666666666665 0.045 0.07666666666666666
1 0.38375 0.2925 0.07 0.12833333333333333
