1 0.06370192307692307 0.6490384615384616 0.11778846153846154 0.1346153846153846
1 0.20793269230769232 0.5528846153846154 0.11298076923076923 0.11057692307692307
1 0.34615384615384615 0.3918269230769231 0.07692307692307693 0.07692307692307693
1 0.484375 0.5408653846153846 0.10817307692307693 0.11057692307692307
1 0.6370192307692307 0.33774038461538464 0.08653846153846154 0.09375
1 0.7692307692307693 0.49278846153846156 0.125 0.10576923076923077
1 0.7367788461538461 0.4182692307692308 0.09375 0.08653846153846154
1 0.9723557692307693 0.3473557692307692 0.05048076923076923 0.11298076923076923
1 0.9495192307692307 0.4879807692307692 0.09134615384615384 0.11057692307692307
1 0.78125 0.7608173076923077 0.15865384615384615 0.15625
1 0.7824519230769231 0.9543269230769231 0.16105769230769232 0.08653846153846154
