0 0.034375 0.39676616915422885 0.06375 0.19651741293532338
0 0.0375 0.23134328358208955 0.0375 0.0845771144278607
0 0.063125 0.19900497512437812 0.02625 0.04975124378109453
0 0.118125 0.19776119402985073 0.02625 0.06218905472636816
0 0.13625 0.19029850746268656 0.0225 0.05223880597014925
0 0.269375 0.22388059701492538 0.03375 0.07960199004975124
0 0.284375 0.2524875621890547 0.03625 0.08706467661691543
0 0.338125 0.22263681592039802 0.03875 0.08208955223880597
0 0.345 0.16791044776119404 0.0325 0.05721393034825871
0 0.385 0.17288557213930347 0.0275 0.07213930348258707
0 0.40875 0.21890547263681592 0.0475 0.09950248756218906
0 0.43 0.1865671641791045 0.025 0.05472636815920398
0 0.32875 0.43159203980099503 0.105 0.24129353233830847
0 0.608125 0.4614427860696517 0.14125 0.32587064676616917
0 0.54 0.12437810945273632 0.0925 0.22885572139303484
0 0.621875 0.22263681592039802 0.03875 0.09701492537313433
0 0.645 0.14427860696517414 0.035 0.06467661691542288
0 0.6875 0.03855721393034826 0.03 0.06716417910447761
0 0.84125 0.6417910447761194 0.2475 0.4577114427860697
