1 0.21153846153846154 0.4026442307692308 0.08653846153846154 0.09375
1 0.7920673076923077 0.3954326923076923 0.10336538461538461 0.12259615384615384
0 0.4879807692307692 0.4074519230769231 0.08173076923076923 0.09375
0 0.3798076923076923 0.43509615384615385 0.0625 0.08173076923076923
0 0.5961538461538461 0.4362980769230769 0.04326923076923077 0.055288461538461536
0 0.6706730769230769 0.4206730769230769 0.03365384615384615 0.03365384615384615
0 0.6430288461538461 0.41225961538461536 0.026442307692307692 0.040865384615384616
0 0.7247596153846154 0.40625 0.036057692307692304 0.038461538461538464
0 0.8629807692307693 0.39783653846153844 0.03365384615384615 0.040865384615384616
0 0.5564903846153846 0.40865384615384615 0.03125 0.038461538461538464
1 0.2127403846153846 0.018028846153846152 0.0889423076923077 0.036057692307692304
1 0.7908653846153846 0.028846153846153848 0.10576923076923077 0.057692307692307696
0 0.4891826923076923 0.015625 0.08413461538461539 0.03125
0 0.8641826923076923 0.007211538461538462 0.036057692307692304 0.014423076923076924
