1 0.06272727272727273 0.3133514986376022 0.09636363636363636 0.11444141689373297
1 0.45 0.329700272479564 0.07454545454545454 0.09264305177111716
1 0.5145454545454545 0.3542234332425068 0.04727272727272727 0.08719346049046321
1 0.5990909090909091 0.29836512261580383 0.06363636363636363 0.09536784741144415
1 0.7009090909090909 0.31607629427792916 0.06 0.07629427792915532
1 0.7854545454545454 0.3310626702997275 0.03636363636363636 0.0681198910081744
1 0.8190909090909091 0.36648501362397823 0.034545454545454546 0.0681198910081744
1 0.9218181818181819 0.25340599455040874 0.12363636363636364 0.17438692098092642
1 0.7572727272727273 0.2901907356948229 0.07454545454545454 0.11171662125340599
1 0.33181818181818185 0.3542234332425068 0.045454545454545456 0.08719346049046321
1 0.28454545454545455 0.36103542234332425 0.06 0.11171662125340599
1 0.20636363636363636 0.33787465940054495 0.05272727272727273 0.10354223433242507
1 0.17454545454545456 0.3528610354223433 0.03636363636363636 0.09536784741144415
