1 0.24879807692307693 0.25783132530120484 0.06971153846153846 0.08674698795180723
1 0.8581730769230769 0.29397590361445786 0.08653846153846154 0.09156626506024096
1 0.5961538461538461 0.28795180722891567 0.08173076923076923 0.0891566265060241
1 0.4543269230769231 0.36987951807228914 0.09615384615384616 0.09879518072289156
1 0.34375 0.3 0.09615384615384616 0.1180722891566265
1 0.17307692307692307 0.26626506024096386 0.07211538461538461 0.06506024096385542
1 0.3557692307692308 0.43012048192771085 0.057692307692307696 0.06987951807228916
1 0.24879807692307693 0.07951807228915662 0.06971153846153846 0.08674698795180723
1 0.859375 0.04578313253012048 0.0889423076923077 0.09156626506024096
1 0.5961538461538461 0.051807228915662654 0.08173076923076923 0.0891566265060241
1 0.45552884615384615 0.00963855421686747 0.0985576923076923 0.01927710843373494
1 0.3449519230769231 0.04939759036144578 0.0985576923076923 0.09879518072289156
1 0.17307692307692307 0.07349397590361446 0.07211538461538461 0.06506024096385542
