1 0.03090909090909091 0.41054313099041534 0.04 0.07348242811501597
1 0.04909090909090909 0.35782747603833864 0.03272727272727273 0.06389776357827476
1 0.10272727272727272 0.402555910543131 0.045454545454545456 0.07667731629392971
1 0.13272727272727272 0.329073482428115 0.03636363636363636 0.07028753993610223
1 0.20636363636363636 0.41054313099041534 0.034545454545454546 0.07348242811501597
1 0.2545454545454545 0.2795527156549521 0.03636363636363636 0.08626198083067092
1 0.27 0.426517571884984 0.04909090909090909 0.09904153354632587
1 0.37272727272727274 0.48722044728434505 0.05454545454545454 0.12460063897763578
1 0.5509090909090909 0.4249201277955272 0.05818181818181818 0.11501597444089456
1 0.6645454545454546 0.34824281150159747 0.05272727272727273 0.10223642172523961
1 0.9127272727272727 0.3242811501597444 0.06545454545454546 0.12460063897763578
0 0.8236363636363636 0.40894568690095845 0.06181818181818182 0.12779552715654952
1 0.7063636363636364 0.4584664536741214 0.07454545454545454 0.12460063897763578
1 0.5072727272727273 0.3498402555910543 0.04363636363636364 0.08626198083067092
1 0.1890909090909091 0.3258785942492013 0.04 0.07028753993610223
