0 0.016428571428571428 0.5161904761904762 0.03 0.05714285714285714
0 0.12571428571428572 0.4980952380952381 0.025714285714285714 0.04
0 0.4392857142857143 0.4857142857142857 0.032857142857142856 0.06095238095238095
1 0.2392857142857143 0.49142857142857144 0.055714285714285716 0.0838095238095238
1 0.30714285714285716 0.48857142857142855 0.07142857142857142 0.12380952380952381
1 0.41214285714285714 0.5038095238095238 0.06714285714285714 0.10857142857142857
1 0.5014285714285714 0.4847619047619048 0.054285714285714284 0.09333333333333334
1 0.5664285714285714 0.5009523809523809 0.03 0.05333333333333334
1 0.6042857142857143 0.4742857142857143 0.06 0.11428571428571428
1 0.705 0.5028571428571429 0.024285714285714285 0.0380952380952381
1 0.7585714285714286 0.49333333333333335 0.025714285714285714 0.045714285714285714
1 0.815 0.4780952380952381 0.055714285714285716 0.09904761904761905
1 0.8871428571428571 0.48 0.025714285714285714 0.0380952380952381
0 0.9185714285714286 0.47619047619047616 0.045714285714285714 0.08761904761904762
0 0.34 0.08476190476190476 0.04285714285714286 0.07809523809523809
