1 0.07996323529411764 0.39705882352941174 0.11580882352941177 0.22941176470588234
1 0.10018382352941177 0.23529411764705882 0.07904411764705882 0.16470588235294117
1 0.24540441176470587 0.13676470588235295 0.04963235294117647 0.10294117647058823
1 0.3492647058823529 0.09705882352941177 0.04044117647058824 0.09411764705882353
1 0.40349264705882354 0.14852941176470588 0.06801470588235294 0.15
1 0.27297794117647056 0.23823529411764705 0.06433823529411764 0.1588235294117647
1 0.2104779411764706 0.4294117647058823 0.11948529411764706 0.2823529411764706
1 0.34650735294117646 0.29705882352941176 0.0900735294117647 0.2
1 0.47702205882352944 0.26323529411764707 0.10845588235294118 0.26176470588235295
1 0.5119485294117647 0.12941176470588237 0.05698529411764706 0.11176470588235295
1 0.5634191176470589 0.09411764705882353 0.04963235294117647 0.1
1 0.5652573529411765 0.22794117647058823 0.06433823529411764 0.15588235294117647
1 0.6341911764705882 0.2838235294117647 0.08823529411764706 0.21470588235294116
1 0.6332720588235294 0.11911764705882352 0.06801470588235294 0.13823529411764707
1 0.7150735294117647 0.0838235294117647 0.0661764705882353 0.12058823529411765
1 0.7702205882352942 0.2 0.06985294117647059 0.15294117647058825
1 0.9090073529411765 0.15441176470588236 0.07904411764705882 0.1676470588235294
1 0.8189338235294118 0.36323529411764705 0.10845588235294118 0.2323529411764706
1 0.6994485294117647 0.22647058823529412 0.06801470588235294 0.18235294117647058
1 0.9733455882352942 0.3205882352941177 0.05330882352941176 0.21764705882352942
