1 0.604326923076923 0.28525641025641024 0.025961538461538463 0.04487179487179487
0 0.4288461538461538 0.258974358974359 0.01730769230769231 0.02564102564102564
0 0.44326923076923075 0.2551282051282051 0.013461538461538462 0.020512820512820513
0 0.37548076923076923 0.358974358974359 0.02403846153846154 0.035897435897435895
0 0.39134615384615384 0.2608974358974359 0.015384615384615385 0.02435897435897436
0 0.3778846153846154 0.2865384615384615 0.01730769230769231 0.02435897435897436
0 0.36778846153846156 0.25833333333333336 0.016346153846153847 0.026923076923076925
0 0.33221153846153845 0.27692307692307694 0.016346153846153847 0.023076923076923078
0 0.3269230769230769 0.2948717948717949 0.021153846153846155 0.02564102564102564
0 0.30288461538461536 0.28076923076923077 0.01730769230769231 0.02564102564102564
0 0.30240384615384613 0.3269230769230769 0.020192307692307693 0.03076923076923077
0 0.1764423076923077 0.316025641025641 0.027884615384615386 0.04230769230769231
0 0.10048076923076923 0.375 0.01826923076923077 0.02435897435897436
1 0.04230769230769231 0.325 0.01730769230769231 0.029487179487179487
0 0.009134615384615385 0.4083333333333333 0.016346153846153847 0.026923076923076925
