1 0.4831730769230769 0.33052884615384615 0.07692307692307693 0.09375
1 0.7740384615384616 0.30649038461538464 0.07211538461538461 0.09375
1 0.6682692307692307 0.27403846153846156 0.08173076923076923 0.10096153846153846
1 0.5516826923076923 0.33533653846153844 0.055288461538461536 0.06971153846153846
1 0.6310096153846154 0.32572115384615385 0.05048076923076923 0.07451923076923077
1 0.8545673076923077 0.30288461538461536 0.04567307692307692 0.07211538461538461
1 0.28725961538461536 0.29927884615384615 0.05048076923076923 0.06009615384615385
1 0.8930288461538461 0.29447115384615385 0.036057692307692304 0.07932692307692307
1 0.9182692307692307 0.29927884615384615 0.03365384615384615 0.05048076923076923
1 0.9459134615384616 0.2932692307692308 0.021634615384615384 0.052884615384615384
1 0.7199519230769231 0.3161057692307692 0.055288461538461536 0.06009615384615385
1 0.7752403846153846 0.010817307692307692 0.07451923076923077 0.021634615384615384
1 0.6694711538461539 0.028846153846153848 0.08413461538461539 0.057692307692307696
1 0.8533653846153846 0.007211538461538462 0.04807692307692308 0.014423076923076924
1 0.2860576923076923 0.006009615384615385 0.052884615384615384 0.01201923076923077
1 0.8918269230769231 0.013221153846153846 0.038461538461538464 0.026442307692307692
1 0.9447115384615384 0.007211538461538462 0.02403846153846154 0.014423076923076924
