1 0.8942307692307693 0.43028846153846156 0.057692307692307696 0.07211538461538461
1 0.40384615384615385 0.5588942307692307 0.057692307692307696 0.06971153846153846
1 0.27283653846153844 0.6117788461538461 0.06009615384615385 0.06971153846153846
1 0.6995192307692307 0.5829326923076923 0.04807692307692308 0.06490384615384616
1 0.042067307692307696 0.42908653846153844 0.036057692307692304 0.04567307692307692
1 0.2668269230769231 0.42788461538461536 0.03365384615384615 0.03365384615384615
1 0.3173076923076923 0.4074519230769231 0.03365384615384615 0.040865384615384616
1 0.6310096153846154 0.5637019230769231 0.055288461538461536 0.06490384615384616
1 0.8149038461538461 0.5612980769230769 0.052884615384615384 0.055288461538461536
1 0.9435096153846154 0.42788461538461536 0.055288461538461536 0.057692307692307696
1 0.6033653846153846 0.4879807692307692 0.028846153846153848 0.03365384615384615
1 0.4855769230769231 0.4230769230769231 0.028846153846153848 0.03365384615384615
1 0.7259615384615384 0.48677884615384615 0.028846153846153848 0.036057692307692304
