1 0.05333333333333334 0.6365914786967418 0.05333333333333334 0.09523809523809523
1 0.09583333333333334 0.6215538847117794 0.045 0.08521303258145363
1 0.11666666666666667 0.6052631578947368 0.04 0.07769423558897243
1 0.1375 0.6390977443609023 0.03166666666666667 0.07017543859649122
1 0.155 0.5927318295739349 0.03666666666666667 0.06265664160401002
1 0.19333333333333333 0.6090225563909775 0.03333333333333333 0.06015037593984962
1 0.225 0.606516290726817 0.03666666666666667 0.07017543859649122
1 0.26416666666666666 0.6152882205513784 0.03166666666666667 0.05764411027568922
1 0.3225 0.6190476190476191 0.028333333333333332 0.05012531328320802
1 0.3408333333333333 0.6152882205513784 0.021666666666666667 0.042606516290726815
1 0.3616666666666667 0.6115288220551378 0.02666666666666667 0.05513784461152882
1 0.385 0.6102756892230576 0.03 0.05764411027568922
1 0.405 0.6290726817042607 0.023333333333333334 0.045112781954887216
1 0.4608333333333333 0.6228070175438597 0.018333333333333333 0.042606516290726815
1 0.47333333333333333 0.631578947368421 0.013333333333333334 0.03508771929824561
1 0.5383333333333333 0.6190476190476191 0.02 0.040100250626566414
1 0.5966666666666667 0.6140350877192983 0.023333333333333334 0.05012531328320802
1 0.29583333333333334 0.5952380952380952 0.03833333333333333 0.06265664160401002
1 0.5716666666666667 0.6115288220551378 0.023333333333333334 0.045112781954887216
1 0.62 0.6290726817042607 0.023333333333333334 0.040100250626566414
1 0.7075 0.6353383458646616 0.028333333333333332 0.047619047619047616
1 0.775 0.6127819548872181 0.02666666666666667 0.05263157894736842
1 0.9066666666666666 0.6052631578947368 0.043333333333333335 0.06265664160401002
1 0.6441666666666667 0.6015037593984962 0.03833333333333333 0.07518796992481203
1 0.7558333333333334 0.6165413533834586 0.015 0.05012531328320802
1 0.8041666666666667 0.6102756892230576 0.028333333333333332 0.05764411027568922
1 0.835 0.5964912280701754 0.03666666666666667 0.07518796992481203
1 0.9625 0.5839598997493735 0.035 0.06015037593984962
