0 0.9230769230769231 0.6033653846153846 0.052884615384615384 0.057692307692307696
0 0.3329326923076923 0.47836538461538464 0.04567307692307692 0.057692307692307696
0 0.2247596153846154 0.47115384615384615 0.04567307692307692 0.052884615384615384
0 0.08052884615384616 0.46274038461538464 0.055288461538461536 0.06009615384615385
0 0.2860576923076923 0.48677884615384615 0.04807692307692308 0.06490384615384616
0 0.4519230769230769 0.5096153846153846 0.04326923076923077 0.0625
0 0.5841346153846154 0.5252403846153846 0.028846153846153848 0.040865384615384616
0 0.609375 0.5372596153846154 0.036057692307692304 0.05048076923076923
0 0.7788461538461539 0.546875 0.038461538461538464 0.040865384615384616
0 0.7704326923076923 0.5757211538461539 0.040865384615384616 0.05048076923076923
0 0.9242788461538461 0.9795673076923077 0.055288461538461536 0.036057692307692304
