1 0.33653846153846156 0.46274038461538464 0.04807692307692308 0.07451923076923077
0 0.8233173076923077 0.4326923076923077 0.11298076923076923 0.12980769230769232
0 0.39663461538461536 0.45072115384615385 0.057692307692307696 0.07451923076923077
0 0.59375 0.41466346153846156 0.11057692307692307 0.13701923076923078
0 0.5048076923076923 0.45913461538461536 0.0673076923076923 0.09615384615384616
0 0.19230769230769232 0.3605769230769231 0.1971153846153846 0.23076923076923078
0 0.2932692307692308 0.46274038461538464 0.07692307692307693 0.08413461538461539
0 0.9362980769230769 0.4699519230769231 0.06009615384615385 0.06971153846153846
0 0.7163461538461539 0.4567307692307692 0.08653846153846154 0.11057692307692307
0 0.6682692307692307 0.43509615384615385 0.04807692307692308 0.07692307692307693
0 0.8221153846153846 0.03365384615384615 0.11538461538461539 0.0673076923076923
0 0.39783653846153844 0.010817307692307692 0.06009615384615385 0.021634615384615384
0 0.5949519230769231 0.04447115384615385 0.11298076923076923 0.0889423076923077
0 0.5060096153846154 0.01201923076923077 0.06971153846153846 0.02403846153846154
0 0.1935096153846154 0.09495192307692307 0.19951923076923078 0.18990384615384615
0 0.7175480769230769 0.016826923076923076 0.0889423076923077 0.03365384615384615
0 0.6694711538461539 0.019230769230769232 0.05048076923076923 0.038461538461538464
