1 0.16510416666666666 0.44930555555555557 0.07604166666666666 0.12083333333333333
1 0.39010416666666664 0.4861111111111111 0.08020833333333334 0.14444444444444443
1 0.5130208333333334 0.4486111111111111 0.028125 0.044444444444444446
1 0.796875 0.4798611111111111 0.035416666666666666 0.059722222222222225
1 0.9395833333333333 0.4576388888888889 0.022916666666666665 0.0375
1 0.8875 0.46319444444444446 0.027083333333333334 0.0375
1 0.9166666666666666 0.5083333333333333 0.016666666666666666 0.022222222222222223
1 0.7604166666666666 0.46319444444444446 0.029166666666666667 0.04027777777777778
1 0.7197916666666667 0.4673611111111111 0.029166666666666667 0.04583333333333333
1 0.9651041666666667 0.4625 0.03229166666666667 0.044444444444444446
1 0.6072916666666667 0.4618055555555556 0.025 0.034722222222222224
1 0.5458333333333333 0.4534722222222222 0.01875 0.029166666666666667
1 0.48541666666666666 0.44930555555555557 0.022916666666666665 0.0375
1 0.5177083333333333 0.41041666666666665 0.016666666666666666 0.02361111111111111
1 0.571875 0.45625 0.029166666666666667 0.043055555555555555
