1 0.11057692307692307 0.40865384615384615 0.0625 0.07211538461538461
1 0.3581730769230769 0.390625 0.057692307692307696 0.06009615384615385
1 0.6490384615384616 0.37259615384615385 0.04807692307692308 0.057692307692307696
1 0.43990384615384615 0.3641826923076923 0.052884615384615384 0.06009615384615385
1 0.027644230769230768 0.359375 0.05048076923076923 0.09375
1 0.21754807692307693 0.39302884615384615 0.05048076923076923 0.055288461538461536
1 0.16706730769230768 0.40024038461538464 0.040865384615384616 0.04567307692307692
1 0.8762019230769231 0.4026442307692308 0.04567307692307692 0.055288461538461536
1 0.9795673076923077 0.37259615384615385 0.036057692307692304 0.08173076923076923
1 0.9567307692307693 0.3545673076923077 0.03365384615384615 0.040865384615384616
1 0.4735576923076923 0.3798076923076923 0.03365384615384615 0.04326923076923077
1 0.042067307692307696 0.4050480769230769 0.040865384615384616 0.055288461538461536
1 0.8774038461538461 0.3737980769230769 0.03365384615384615 0.040865384615384616
1 0.11177884615384616 0.03125 0.06490384615384616 0.0625
1 0.3581730769230769 0.04447115384615385 0.057692307692307696 0.06009615384615385
1 0.6490384615384616 0.06009615384615385 0.04807692307692308 0.057692307692307696
1 0.43990384615384615 0.07091346153846154 0.052884615384615384 0.06009615384615385
1 0.027644230769230768 0.07572115384615384 0.05048076923076923 0.09375
1 0.21754807692307693 0.042067307692307696 0.05048076923076923 0.055288461538461536
1 0.16706730769230768 0.03485576923076923 0.040865384615384616 0.04567307692307692
1 0.8762019230769231 0.03245192307692308 0.04567307692307692 0.055288461538461536
1 0.9795673076923077 0.06009615384615385 0.036057692307692304 0.08173076923076923
1 0.9567307692307693 0.08052884615384616 0.03365384615384615 0.040865384615384616
1 0.4735576923076923 0.052884615384615384 0.03365384615384615 0.04326923076923077
1 0.042067307692307696 0.030048076923076924 0.040865384615384616 0.055288461538461536
1 0.8774038461538461 0.06129807692307692 0.03365384615384615 0.040865384615384616
