1 0.24294117647058824 0.38666666666666666 0.04352941176470588 0.06666666666666667
1 0.37470588235294117 0.36583333333333334 0.041176470588235294 0.08166666666666667
1 0.5029411764705882 0.385 0.03882352941176471 0.07666666666666666
1 0.5523529411764706 0.3441666666666667 0.05764705882352941 0.09833333333333333
1 0.6152941176470588 0.3541666666666667 0.04 0.085
1 0.7758823529411765 0.275 0.08352941176470588 0.14333333333333334
1 0.31588235294117645 0.37916666666666665 0.04823529411764706 0.095
1 0.43588235294117644 0.36333333333333334 0.05058823529411765 0.10333333333333333
1 0.8682352941176471 0.33 0.03764705882352941 0.06
1 0.6794117647058824 0.29583333333333334 0.06941176470588235 0.12166666666666667
1 0.9029411764705882 0.3075 0.04352941176470588 0.09166666666666666
1 0.9811764705882353 0.2833333333333333 0.03764705882352941 0.10333333333333333
