1 0.6706730769230769 0.4566265060240964 0.1201923076923077 0.1180722891566265
1 0.7752403846153846 0.21084337349397592 0.13221153846153846 0.13253012048192772
1 0.6514423076923077 0.5710843373493976 0.10576923076923077 0.11566265060240964
1 0.6887019230769231 0.7036144578313253 0.12740384615384615 0.13012048192771083
1 0.6213942307692307 0.22771084337349398 0.12259615384615384 0.14216867469879518
1 0.15745192307692307 0.21325301204819277 0.24759615384615385 0.13734939759036144
1 0.7752403846153846 0.07590361445783132 0.13221153846153846 0.13253012048192772
1 0.6875 0.9734939759036144 0.12980769230769232 0.04819277108433735
1 0.6201923076923077 0.06506024096385542 0.125 0.13012048192771083
1 0.15745192307692307 0.07349397590361446 0.24759615384615385 0.13734939759036144
