1 0.2514492753623188 0.4007731958762887 0.0536231884057971 0.1056701030927835
1 0.37028985507246376 0.34536082474226804 0.036231884057971016 0.08762886597938144
1 0.9630434782608696 0.3234536082474227 0.036231884057971016 0.07989690721649484
1 0.8427536231884057 0.3015463917525773 0.030434782608695653 0.07731958762886598
1 0.9528985507246377 0.41494845360824745 0.036231884057971016 0.09278350515463918
1 0.9797101449275363 0.5811855670103093 0.04057971014492753 0.1056701030927835
1 0.7355072463768116 0.3002577319587629 0.03333333333333333 0.07474226804123711
1 0.8065217391304348 0.37371134020618557 0.0391304347826087 0.07216494845360824
1 0.7760869565217391 0.41881443298969073 0.0391304347826087 0.09536082474226804
1 0.8115942028985508 0.5038659793814433 0.05217391304347826 0.1056701030927835
1 0.8855072463768116 0.5592783505154639 0.05507246376811594 0.1134020618556701
1 0.8818840579710145 0.6842783505154639 0.07101449275362319 0.15206185567010308
1 0.7202898550724638 0.3698453608247423 0.0463768115942029 0.08505154639175258
1 0.768840579710145 0.5992268041237113 0.059420289855072465 0.1211340206185567
1 0.7253623188405797 0.6726804123711341 0.07681159420289856 0.14432989690721648
1 0.6326086956521739 0.5992268041237113 0.07101449275362319 0.12628865979381443
1 0.6521739130434783 0.4175257731958763 0.04927536231884058 0.0979381443298969
1 0.6246376811594203 0.3634020618556701 0.03768115942028986 0.08247422680412371
1 0.6152173913043478 0.30670103092783507 0.036231884057971016 0.06701030927835051
1 0.5246376811594203 0.34664948453608246 0.034782608695652174 0.09020618556701031
1 0.5594202898550724 0.4677835051546392 0.05507246376811594 0.09536082474226804
1 0.43333333333333335 0.5244845360824743 0.06666666666666667 0.1211340206185567
1 0.40144927536231884 0.44072164948453607 0.03768115942028986 0.09278350515463918
1 0.9144927536231884 0.44716494845360827 0.04927536231884058 0.09020618556701031
1 0.9637681159420289 0.7951030927835051 0.07246376811594203 0.15206185567010308
0 0.6528985507246376 0.18170103092783504 0.036231884057971016 0.06958762886597938
0 0.4181159420289855 0.19201030927835053 0.0391304347826087 0.07989690721649484
0 0.34855072463768116 0.1481958762886598 0.036231884057971016 0.07474226804123711
0 0.2956521739130435 0.19201030927835053 0.028985507246376812 0.07474226804123711
0 0.05579710144927536 0.26417525773195877 0.036231884057971016 0.06958762886597938
1 0.13840579710144926 0.23711340206185566 0.06521739130434782 0.15463917525773196
