1 0.091552734375 0.5033308660251665 0.17724609375 0.41894892672094747
1 0.244384765625 0.5462620281273131 0.12060546875 0.19096965210954847
1 0.3251953125 0.4981495188749075 0.0556640625 0.10510732790525537
1 0.419677734375 0.47298297557364916 0.01123046875 0.02220577350111029
0 0.409912109375 0.4777942264988897 0.00830078125 0.014063656550703183
0 0.3583984375 0.47853441894892673 0.01171875 0.028867505551443375
1 0.43115234375 0.47964470762398226 0.0146484375 0.023686158401184307
0 0.4404296875 0.4759437453737972 0.0068359375 0.01776461880088823
1 0.444091796875 0.47261287934863067 0.00830078125 0.018504811250925242
1 0.4599609375 0.49074759437453735 0.0302734375 0.050333086602516654
1 0.488037109375 0.4689119170984456 0.02490234375 0.03774981495188749
1 0.4931640625 0.5096225018504811 0.02734375 0.06439674315321983
1 0.52490234375 0.4548482605477424 0.05859375 0.10880829015544041
1 0.703857421875 0.48741672834937083 0.03271484375 0.07623982235381199
1 0.637939453125 0.4770540340488527 0.04052734375 0.07772020725388601
1 0.6044921875 0.43375277572168763 0.0361328125 0.07253886010362694
1 0.662841796875 0.46817172464840856 0.02001953125 0.043671354552183565
1 0.67822265625 0.4763138415988157 0.015625 0.028867505551443375
1 0.7216796875 0.4703923019985196 0.0078125 0.018504811250925242
1 0.73681640625 0.46965210954848263 0.0146484375 0.025906735751295335
1 0.782470703125 0.47668393782383417 0.01904296875 0.034048852701702444
0 0.826904296875 0.5414507772020726 0.05517578125 0.10436713545521836
1 0.875732421875 0.5288675055514434 0.05908203125 0.0999259807549963
1 0.913330078125 0.46780162842339007 0.01513671875 0.028127313101406367
1 0.943359375 0.47261287934863067 0.017578125 0.025906735751295335
0 0.91650390625 0.5688378978534419 0.0244140625 0.04071058475203553
