1 0.79 0.49863387978142076 0.06363636363636363 0.13387978142076504
1 0.49363636363636365 0.46174863387978143 0.06727272727272728 0.1366120218579235
1 0.034545454545454546 0.5546448087431693 0.05090909090909091 0.12021857923497267
1 0.07090909090909091 0.5669398907103825 0.03636363636363636 0.09016393442622951
1 0.10181818181818182 0.5683060109289617 0.03272727272727273 0.07650273224043716
1 0.16090909090909092 0.5218579234972678 0.045454545454545456 0.12568306010928962
1 0.20636363636363636 0.5204918032786885 0.06727272727272728 0.15027322404371585
1 0.27090909090909093 0.5245901639344263 0.07272727272727272 0.14207650273224043
1 0.3327272727272727 0.5450819672131147 0.06181818181818182 0.12295081967213115
1 0.38727272727272727 0.5095628415300546 0.04363636363636364 0.09562841530054644
1 0.5481818181818182 0.5191256830601093 0.045454545454545456 0.08743169398907104
1 0.6163636363636363 0.4781420765027322 0.06909090909090909 0.13114754098360656
1 0.6654545454545454 0.5040983606557377 0.05090909090909091 0.11748633879781421
1 0.7209090909090909 0.5081967213114754 0.045454545454545456 0.1092896174863388
1 0.84 0.5341530054644809 0.05454545454545454 0.10109289617486339
