1 0.4831730769230769 0.37349397590361444 0.052884615384615384 0.05783132530120482
0 0.8641826923076923 0.3421686746987952 0.05048076923076923 0.06265060240963856
0 0.328125 0.3481927710843373 0.05048076923076923 0.05542168674698795
0 0.23317307692307693 0.36987951807228914 0.038461538461538464 0.04096385542168675
0 0.2644230769230769 0.37710843373493974 0.028846153846153848 0.04096385542168675
0 0.6790865384615384 0.3493975903614458 0.04567307692307692 0.05301204819277108
0 0.8112980769230769 0.3409638554216867 0.040865384615384616 0.04578313253012048
0 0.4567307692307692 0.35903614457831323 0.03365384615384615 0.05783132530120482
0 0.546875 0.3759036144578313 0.03125 0.043373493975903614
0 0.703125 0.3566265060240964 0.03125 0.043373493975903614
0 0.9086538461538461 0.3493975903614458 0.038461538461538464 0.05301204819277108
0 0.8629807692307693 0.012048192771084338 0.052884615384615384 0.024096385542168676
0 0.3269230769230769 0.007228915662650603 0.052884615384615384 0.014457831325301205
0 0.6778846153846154 0.006024096385542169 0.04807692307692308 0.012048192771084338
0 0.8100961538461539 0.008433734939759036 0.04326923076923077 0.016867469879518072
0 0.9098557692307693 0.006024096385542169 0.040865384615384616 0.012048192771084338
