1 0.03166666666666667 0.42 0.03 0.055
1 0.09166666666666666 0.4 0.02666666666666667 0.05
1 0.11416666666666667 0.42 0.028333333333333332 0.055
1 0.14083333333333334 0.4275 0.028333333333333332 0.055
0 0.16166666666666665 0.43625 0.016666666666666666 0.0375
1 0.20916666666666667 0.455 0.035 0.065
1 0.235 0.4175 0.02666666666666667 0.06
1 0.2925 0.445 0.03166666666666667 0.055
1 0.31583333333333335 0.44375 0.021666666666666667 0.0475
1 0.33 0.425 0.02 0.06
1 0.35 0.42875 0.03666666666666667 0.0725
1 0.38166666666666665 0.435 0.02666666666666667 0.055
1 0.45916666666666667 0.47875 0.055 0.0925
1 0.51 0.45375 0.03333333333333333 0.0675
1 0.5433333333333333 0.43875 0.02 0.0375
1 0.5916666666666667 0.44375 0.03 0.0575
1 0.7 0.4575 0.043333333333333335 0.08
1 0.81 0.43 0.043333333333333335 0.08
1 0.9175 0.45 0.03833333333333333 0.065
1 0.9416666666666667 0.44625 0.02 0.0625
1 0.9916666666666667 0.4625 0.016666666666666666 0.07
