1 0.02177177177177177 0.263 0.04054054054054054 0.142
1 0.04054054054054054 0.222 0.057057057057057055 0.104
1 0.15990990990990991 0.196 0.11861861861861862 0.2
1 0.23048048048048048 0.211 0.03453453453453453 0.11
1 0.3280780780780781 0.198 0.07057057057057058 0.148
1 0.3708708708708709 0.213 0.02702702702702703 0.094
1 0.46096096096096095 0.211 0.04804804804804805 0.094
1 0.7087087087087087 0.195 0.03303303303303303 0.094
1 0.7454954954954955 0.212 0.05855855855855856 0.12
1 0.8551051051051051 0.177 0.16066066066066065 0.262
1 0.5570570570570571 0.205 0.10810810810810811 0.162
